param z := 80;
param s := 8;
param v := 2;
param c := 3;

param Demand := 
1  0.000803429155663251
2  0.000951406002100867
3  0.000380610376636527
4  0.000618466478371856
5  0.000512392725428298
6  0.000695649396798754
7  0.000843419435135384
8  0.000424306894893672
9  0.000110637129007104
10  0.000597429377117032
11  0.000380072163557447
12  0.000462906508557862
13  0.000567661492069330
14  0.000138091940366586
15  0.000160928415309842
16  0.000976386806555645
17  0.000407465600351466
18  0.000607598571090764
19  0.000411097363827106
20  0.002096322377129740
21  0.000977756939314907
22  0.000289566403417517
23  0.000364714368173244
24  0.000424418921560095
25  0.000376874510876457
26  0.001813841435241270
27  0.000413586803445946
28  0.000476504164309527
29  0.001104592711015790
30  0.001067919293659960
31  0.002054678063366840
32  0.001521617246129450
33  0.000279801635275065
34  0.001011309532388760
35  0.001586138579717420
36  0.000915099561287692
37  0.000675259819771439
38  0.000019964112235636
39  0.000847033587564333
40  0.000647409833811700
41  0.000180341239328160
42  0.000178894020032589
43  0.000655361310895996
44  0.000345229960502890
45  0.000026784335025326
46  0.000015444473289114
47  0.000166107944608846
48  0.001329489054342030
49  0.000518487588355484
50  0.000759259665337735
51  0.001732157823726080
52  0.001506615699225230
53  0.000561153443150188
54  0.000848059285780130
55  0.002559938881198130
56  0.001807600660012130
57  0.003558319417394840
58  0.001568371644696790
59  0.001496728055867190
60  0.000188335733786336
61  0.001731329286685350
62  0.000224138174741358
63  0.001016274398888010
64  0.002029372174674680
65  0.001529846835203930
66  0.000957189557894737
67  0.000299544218442165
68  0.001671900833953350
69  0.000645984772888817
70  0.001413405412619990
71  0.000495197175781006
72  0.000556404000437429
73  0.000422300189451340
74  0.000074979271521926
75  0.000416905478277566
76  0.000152626741677128
77  0.000146797107032041
78  0.002025080041759430
79  0.000063275915922589
80  0.000285365387203221
;

param Time := 
1  1  0.0010
1  2  1.6420
1  3  1.8700
1  4  1.2150
1  5  1.2240
1  6  1.3240
1  7  2.3470
1  8  3.2520
1  9  3.0020
1  10  4.0630
1  11  1.3150
1  12  1.9470
1  13  1.9570
1  14  3.1200
1  15  3.1200
1  16  2.1110
1  17  3.7930
1  18  3.3800
1  19  4.4850
1  20  4.6850
1  21  5.5010
1  22  6.1030
1  23  6.1030
1  24  5.0010
1  25  6.2060
1  26  6.8560
1  27  6.4550
1  28  6.8670
1  29  5.6330
1  30  7.2060
1  31  7.7950
1  32  7.4070
1  33  7.8170
1  34  7.8260
1  35  7.7200
1  36  10.1790
1  37  9.2770
1  38  10.4550
1  39  5.0540
1  40  4.3470
1  41  4.7540
1  42  5.1550
1  43  3.7420
1  44  3.0620
1  45  3.2020
1  46  5.2130
1  47  5.6040
1  48  7.5610
1  49  5.7250
1  50  5.6240
1  51  6.9370
1  52  7.1670
1  53  8.3840
1  54  8.4070
1  55  7.5480
1  56  7.0560
1  57  8.3070
1  58  8.4770
1  59  9.4430
1  60  7.8540
1  61  8.0340
1  62  8.8310
1  63  9.5950
1  64  9.3480
1  65  10.1810
1  66  10.2810
1  67  10.7870
1  68  8.0610
1  69  8.1740
1  70  10.3180
1  71  8.7840
1  72  8.2170
1  73  8.0380
1  74  8.0380
1  75  7.6940
1  76  8.0730
1  77  7.1420
1  78  9.2270
1  79  2.6620
1  80  3.0790
2  1  1.6420
2  2  0.0010
2  3  2.2760
2  4  1.0980
2  5  1.8660
2  6  1.9660
2  7  2.9890
2  8  3.8940
2  9  3.6440
2  10  3.9460
2  11  1.1980
2  12  1.8300
2  13  1.8400
2  14  3.0030
2  15  3.0030
2  16  1.9940
2  17  3.6760
2  18  3.2630
2  19  4.3680
2  20  4.5680
2  21  5.3840
2  22  5.9860
2  23  5.9860
2  24  4.8840
2  25  6.0890
2  26  6.7390
2  27  6.3380
2  28  6.7500
2  29  5.5160
2  30  7.0890
2  31  7.6780
2  32  7.2900
2  33  7.7000
2  34  7.7090
2  35  7.6030
2  36  10.0620
2  37  9.1600
2  38  10.3380
2  39  4.9370
2  40  4.2300
2  41  4.6370
2  42  5.0380
2  43  3.6250
2  44  2.9450
2  45  3.0850
2  46  5.0960
2  47  5.4870
2  48  7.4440
2  49  5.6080
2  50  5.5070
2  51  6.8200
2  52  7.0500
2  53  8.2670
2  54  8.2900
2  55  7.4310
2  56  6.9390
2  57  8.1900
2  58  8.3600
2  59  9.3260
2  60  7.7370
2  61  7.9170
2  62  8.7140
2  63  9.4780
2  64  9.2310
2  65  10.0640
2  66  10.1640
2  67  10.6700
2  68  7.9440
2  69  8.0570
2  70  10.2010
2  71  8.6670
2  72  8.1000
2  73  7.9210
2  74  7.9210
2  75  7.5770
2  76  7.9560
2  77  7.0250
2  78  9.1100
2  79  2.5450
2  80  2.9620
3  1  1.8700
3  2  2.2760
3  3  0.0010
3  4  2.0840
3  5  1.8960
3  6  1.9960
3  7  3.0190
3  8  3.9240
3  9  3.6740
3  10  4.9320
3  11  2.1840
3  12  2.8160
3  13  2.8260
3  14  3.9890
3  15  3.9890
3  16  2.9800
3  17  4.6620
3  18  4.2490
3  19  5.3540
3  20  5.5540
3  21  6.3700
3  22  6.9720
3  23  6.9720
3  24  5.8700
3  25  7.0750
3  26  7.7250
3  27  7.3240
3  28  7.7360
3  29  6.5020
3  30  8.0750
3  31  8.6640
3  32  8.2760
3  33  8.6860
3  34  8.6950
3  35  8.5890
3  36  11.0480
3  37  10.1460
3  38  11.3240
3  39  5.9230
3  40  5.2160
3  41  5.6230
3  42  6.0240
3  43  4.6110
3  44  3.9310
3  45  4.0710
3  46  6.0820
3  47  6.4730
3  48  8.4300
3  49  6.5940
3  50  6.4930
3  51  7.8060
3  52  8.0360
3  53  9.2530
3  54  9.2760
3  55  8.4170
3  56  7.9250
3  57  9.1760
3  58  9.3460
3  59  10.3120
3  60  8.7230
3  61  8.9030
3  62  9.7000
3  63  10.4640
3  64  10.2170
3  65  11.0500
3  66  11.1500
3  67  11.6560
3  68  8.9300
3  69  9.0430
3  70  11.1870
3  71  9.6530
3  72  9.0860
3  73  8.9070
3  74  8.9070
3  75  8.5630
3  76  8.9420
3  77  8.0110
3  78  10.0960
3  79  3.5310
3  80  3.9480
4  1  1.2150
4  2  1.0980
4  3  2.0840
4  4  0.0010
4  5  1.4390
4  6  1.5390
4  7  2.5620
4  8  3.4670
4  9  3.2170
4  10  3.4460
4  11  0.6980
4  12  1.3300
4  13  1.3400
4  14  2.5030
4  15  2.5030
4  16  1.4940
4  17  3.1760
4  18  2.7630
4  19  3.8680
4  20  4.0680
4  21  4.8840
4  22  5.4860
4  23  5.4860
4  24  4.3840
4  25  5.5890
4  26  6.2390
4  27  5.8380
4  28  6.2500
4  29  5.0160
4  30  6.5890
4  31  7.1780
4  32  6.7900
4  33  7.2000
4  34  7.2090
4  35  7.1030
4  36  9.5620
4  37  8.6600
4  38  9.8380
4  39  4.4370
4  40  3.7300
4  41  4.1370
4  42  4.5380
4  43  3.1250
4  44  2.4450
4  45  2.5850
4  46  4.5960
4  47  4.9870
4  48  6.9440
4  49  5.1080
4  50  5.0070
4  51  6.3200
4  52  6.5500
4  53  7.7670
4  54  7.7900
4  55  6.9310
4  56  6.4390
4  57  7.6900
4  58  7.8600
4  59  8.8260
4  60  7.2370
4  61  7.4170
4  62  8.2140
4  63  8.9780
4  64  8.7310
4  65  9.5640
4  66  9.6640
4  67  10.1700
4  68  7.4440
4  69  7.5570
4  70  9.7010
4  71  8.1670
4  72  7.6000
4  73  7.4210
4  74  7.4210
4  75  7.0770
4  76  7.4560
4  77  6.5250
4  78  8.6100
4  79  2.0450
4  80  2.4620
5  1  1.2240
5  2  1.8660
5  3  1.8960
5  4  1.4390
5  5  0.0010
5  6  0.6980
5  7  1.7210
5  8  2.6260
5  9  2.3760
5  10  4.1840
5  11  1.5390
5  12  2.1710
5  13  2.1810
5  14  3.2410
5  15  3.2410
5  16  2.3350
5  17  4.0170
5  18  3.6040
5  19  4.7090
5  20  4.9090
5  21  5.7250
5  22  6.3270
5  23  6.3270
5  24  5.2250
5  25  6.4300
5  26  7.0800
5  27  6.6790
5  28  7.0910
5  29  5.8570
5  30  7.4300
5  31  8.0190
5  32  7.6310
5  33  8.0410
5  34  8.0500
5  35  7.9440
5  36  10.4030
5  37  9.5010
5  38  10.6790
5  39  5.2780
5  40  4.5710
5  41  4.9780
5  42  5.3790
5  43  3.9660
5  44  3.2860
5  45  3.4260
5  46  5.4370
5  47  5.8280
5  48  7.7850
5  49  5.9490
5  50  5.8480
5  51  7.1610
5  52  7.3910
5  53  8.6080
5  54  8.6310
5  55  7.7720
5  56  7.2800
5  57  8.5310
5  58  8.7010
5  59  9.6670
5  60  8.0780
5  61  8.2580
5  62  9.0550
5  63  9.8190
5  64  9.5720
5  65  10.4050
5  66  10.5050
5  67  11.0110
5  68  8.2850
5  69  8.3980
5  70  10.5420
5  71  9.0080
5  72  8.4410
5  73  8.2620
5  74  8.2620
5  75  7.9180
5  76  8.2970
5  77  7.3660
5  78  9.4510
5  79  2.8860
5  80  3.3030
6  1  1.3240
6  2  1.9660
6  3  1.9960
6  4  1.5390
6  5  0.6980
6  6  0.0010
6  7  0.8990
6  8  1.8040
6  9  1.5540
6  10  3.3620
6  11  1.0000
6  12  2.2710
6  13  2.2810
6  14  2.4190
6  15  2.4190
6  16  2.4350
6  17  4.1170
6  18  3.7040
6  19  4.8090
6  20  5.0090
6  21  5.8250
6  22  6.4270
6  23  6.4270
6  24  5.3250
6  25  6.5300
6  26  7.1800
6  27  6.7790
6  28  7.1910
6  29  5.9570
6  30  7.5300
6  31  8.1190
6  32  7.7310
6  33  8.1410
6  34  8.1500
6  35  8.0440
6  36  10.5030
6  37  9.6010
6  38  10.7790
6  39  5.3780
6  40  4.6710
6  41  5.0780
6  42  5.4790
6  43  4.0660
6  44  3.3860
6  45  3.5260
6  46  5.5370
6  47  5.9280
6  48  7.8850
6  49  6.0490
6  50  5.9480
6  51  7.2610
6  52  7.4910
6  53  8.7080
6  54  8.7310
6  55  7.8720
6  56  7.3800
6  57  8.6310
6  58  8.8010
6  59  9.7670
6  60  8.1780
6  61  8.3580
6  62  9.1550
6  63  9.9190
6  64  9.6720
6  65  10.5050
6  66  10.6050
6  67  11.1110
6  68  8.3850
6  69  8.4980
6  70  10.6420
6  71  9.1080
6  72  8.5410
6  73  8.3620
6  74  8.3620
6  75  8.0180
6  76  8.3970
6  77  7.4660
6  78  9.5510
6  79  2.9860
6  80  3.4030
7  1  2.3470
7  2  2.9890
7  3  3.0190
7  4  2.5620
7  5  1.7210
7  6  0.8990
7  7  0.0010
7  8  1.7030
7  9  1.4530
7  10  3.2610
7  11  0.8990
7  12  3.2940
7  13  2.6190
7  14  2.3180
7  15  2.3180
7  16  3.3300
7  17  4.0290
7  18  3.6160
7  19  4.7210
7  20  4.9210
7  21  5.7370
7  22  6.3390
7  23  6.3390
7  24  5.2370
7  25  6.4420
7  26  7.0920
7  27  6.6910
7  28  7.1030
7  29  5.8690
7  30  7.4420
7  31  8.0310
7  32  7.6430
7  33  8.0530
7  34  8.0620
7  35  7.9560
7  36  10.4150
7  37  9.5130
7  38  10.6910
7  39  5.7170
7  40  5.1690
7  41  5.4170
7  42  6.5020
7  43  5.0890
7  44  4.4090
7  45  4.5490
7  46  6.5600
7  47  6.9510
7  48  8.9080
7  49  6.3880
7  50  6.2870
7  51  7.1730
7  52  7.8300
7  53  9.5220
7  54  8.6430
7  55  8.8950
7  56  8.4030
7  57  9.6540
7  58  9.8240
7  59  10.6210
7  60  9.2010
7  61  9.3810
7  62  10.1780
7  63  10.9420
7  64  10.6950
7  65  11.5280
7  66  11.5040
7  67  12.0940
7  68  9.4080
7  69  9.5210
7  70  10.5540
7  71  9.0200
7  72  8.4530
7  73  8.2740
7  74  8.8660
7  75  8.5220
7  76  8.9010
7  77  7.8050
7  78  9.4630
7  79  4.0090
7  80  3.3150
8  1  3.2520
8  2  3.8940
8  3  3.9240
8  4  3.4670
8  5  2.6260
8  6  1.8040
8  7  1.7030
8  8  0.0010
8  9  0.5480
8  10  2.3560
8  11  1.8040
8  12  2.9660
8  13  1.7140
8  14  1.4130
8  15  1.4130
8  16  2.4250
8  17  3.1240
8  18  2.7110
8  19  3.8160
8  20  4.0160
8  21  4.8320
8  22  5.4340
8  23  5.4340
8  24  4.3320
8  25  5.5370
8  26  6.1870
8  27  5.7860
8  28  6.1980
8  29  4.9640
8  30  6.5370
8  31  7.1260
8  32  6.7380
8  33  7.1480
8  34  7.1570
8  35  7.0510
8  36  9.5100
8  37  8.6080
8  38  9.7860
8  39  4.8120
8  40  4.2640
8  41  4.5120
8  42  5.9240
8  43  4.8520
8  44  4.1720
8  45  4.3120
8  46  5.9820
8  47  6.7140
8  48  8.4180
8  49  5.4830
8  50  5.3820
8  51  6.2680
8  52  6.9250
8  53  8.6170
8  54  7.7380
8  55  8.6580
8  56  8.1660
8  57  9.3880
8  58  9.0160
8  59  9.7160
8  60  8.9640
8  61  9.1440
8  62  9.9410
8  63  10.7050
8  64  10.4580
8  65  11.2910
8  66  10.5990
8  67  11.1890
8  68  9.1710
8  69  9.2840
8  70  9.6490
8  71  8.1150
8  72  7.5480
8  73  7.3690
8  74  7.9610
8  75  7.6170
8  76  7.9960
8  77  6.9000
8  78  8.5580
8  79  3.7720
8  80  2.4100
9  1  3.0020
9  2  3.6440
9  3  3.6740
9  4  3.2170
9  5  2.3760
9  6  1.5540
9  7  1.4530
9  8  0.5480
9  9  0.0010
9  10  2.1060
9  11  1.5540
9  12  2.7160
9  13  1.4640
9  14  1.1630
9  15  1.1630
9  16  2.1750
9  17  2.8740
9  18  2.4610
9  19  3.5660
9  20  3.7660
9  21  4.5820
9  22  5.1840
9  23  5.1840
9  24  4.0820
9  25  5.2870
9  26  5.9370
9  27  5.5360
9  28  5.9480
9  29  4.7140
9  30  6.2870
9  31  6.8760
9  32  6.4880
9  33  6.8980
9  34  6.9070
9  35  6.8010
9  36  9.2600
9  37  8.3580
9  38  9.5360
9  39  4.5620
9  40  4.0140
9  41  4.2620
9  42  5.6740
9  43  4.6020
9  44  3.9220
9  45  4.0620
9  46  5.7320
9  47  6.4640
9  48  8.1680
9  49  5.2330
9  50  5.1320
9  51  6.0180
9  52  6.6750
9  53  8.3670
9  54  7.4880
9  55  8.4080
9  56  7.9160
9  57  9.1380
9  58  8.7660
9  59  9.4660
9  60  8.7140
9  61  8.8940
9  62  9.6910
9  63  10.4550
9  64  10.2080
9  65  11.0410
9  66  10.3490
9  67  10.9390
9  68  8.9210
9  69  9.0340
9  70  9.3990
9  71  7.8650
9  72  7.2980
9  73  7.1190
9  74  7.7110
9  75  7.3670
9  76  7.7460
9  77  6.6500
9  78  8.3080
9  79  3.5220
9  80  2.1600
10  1  4.0550
10  2  3.9380
10  3  4.9240
10  4  3.4380
10  5  4.1840
10  6  3.3620
10  7  3.2610
10  8  2.3560
10  9  2.1060
10  10  0.0010
10  11  3.3620
10  12  2.8940
10  13  1.6420
10  14  1.3410
10  15  1.3410
10  16  2.3530
10  17  3.0520
10  18  2.6390
10  19  3.3970
10  20  3.5970
10  21  4.4130
10  22  5.0150
10  23  5.0150
10  24  3.9130
10  25  5.1180
10  26  5.7680
10  27  5.3670
10  28  5.7790
10  29  4.5450
10  30  6.1180
10  31  6.7070
10  32  6.3190
10  33  6.7290
10  34  6.7380
10  35  6.6320
10  36  9.0910
10  37  8.1890
10  38  9.3670
10  39  4.7400
10  40  4.1920
10  41  4.4400
10  42  5.8520
10  43  4.7800
10  44  4.1000
10  45  4.2400
10  46  5.9100
10  47  6.6420
10  48  8.1850
10  49  5.4110
10  50  5.3100
10  51  5.8490
10  52  6.6920
10  53  8.3840
10  54  7.3190
10  55  8.5860
10  56  8.0940
10  57  9.1550
10  58  8.7830
10  59  9.2970
10  60  8.8920
10  61  9.0720
10  62  9.8690
10  63  10.6330
10  64  10.3860
10  65  11.2190
10  66  10.1800
10  67  10.7700
10  68  9.0990
10  69  9.2120
10  70  9.2300
10  71  7.6960
10  72  7.1290
10  73  6.9500
10  74  7.7280
10  75  7.3840
10  76  7.7630
10  77  6.6670
10  78  8.1390
10  79  3.7000
10  80  2.3380
11  1  1.3150
11  2  1.1980
11  3  2.1840
11  4  0.6980
11  5  1.5390
11  6  1.0000
11  7  0.8990
11  8  1.8040
11  9  1.5540
11  10  3.3620
11  11  0.0010
11  12  1.4300
11  13  1.4400
11  14  2.4190
11  15  2.4190
11  16  1.5940
11  17  3.2760
11  18  2.8630
11  19  3.9680
11  20  4.1680
11  21  4.9840
11  22  5.5860
11  23  5.5860
11  24  4.4840
11  25  5.6890
11  26  6.3390
11  27  5.9380
11  28  6.3500
11  29  5.1160
11  30  6.6890
11  31  7.2780
11  32  6.8900
11  33  7.3000
11  34  7.3090
11  35  7.2030
11  36  9.6620
11  37  8.7600
11  38  9.9380
11  39  4.5370
11  40  3.8300
11  41  4.2370
11  42  4.6380
11  43  3.2250
11  44  2.5450
11  45  2.6850
11  46  4.6960
11  47  5.0870
11  48  7.0440
11  49  5.2080
11  50  5.1070
11  51  6.4200
11  52  6.6500
11  53  7.8670
11  54  7.8900
11  55  7.0310
11  56  6.5390
11  57  7.7900
11  58  7.9600
11  59  8.9260
11  60  7.3370
11  61  7.5170
11  62  8.3140
11  63  9.0780
11  64  8.8310
11  65  9.6640
11  66  9.7640
11  67  10.2700
11  68  7.5440
11  69  7.6570
11  70  9.8010
11  71  8.2670
11  72  7.7000
11  73  7.5210
11  74  7.5210
11  75  7.1770
11  76  7.5560
11  77  6.6250
11  78  8.7100
11  79  2.1450
11  80  2.5620
12  1  1.9390
12  2  1.8220
12  3  2.8080
12  4  1.3220
12  5  2.1630
12  6  2.2630
12  7  3.2860
12  8  2.9660
12  9  2.7160
12  10  2.8940
12  11  1.4220
12  12  0.0010
12  13  0.7880
12  14  1.9510
12  15  1.9510
12  16  0.9420
12  17  2.6240
12  18  2.2110
12  19  3.3160
12  20  3.5160
12  21  4.3320
12  22  4.9340
12  23  4.9340
12  24  3.8320
12  25  5.0370
12  26  5.6870
12  27  5.2860
12  28  5.6980
12  29  4.4640
12  30  6.0370
12  31  6.6260
12  32  6.2380
12  33  6.6480
12  34  6.6570
12  35  6.5510
12  36  9.0100
12  37  8.1080
12  38  9.2860
12  39  3.8850
12  40  3.1780
12  41  3.5850
12  42  4.5270
12  43  3.1140
12  44  2.4340
12  45  2.5740
12  46  4.5850
12  47  4.9760
12  48  6.9330
12  49  4.5560
12  50  4.4550
12  51  5.7680
12  52  5.9980
12  53  7.6900
12  54  7.2380
12  55  6.9200
12  56  6.4280
12  57  7.6790
12  58  7.8490
12  59  8.8150
12  60  7.2260
12  61  7.4060
12  62  8.2030
12  63  8.9670
12  64  8.7200
12  65  9.5530
12  66  9.6530
12  67  10.1590
12  68  7.4330
12  69  7.5460
12  70  9.1490
12  71  7.6150
12  72  7.0480
12  73  6.8690
12  74  7.0340
12  75  6.6900
12  76  7.0690
12  77  5.9730
12  78  8.0580
12  79  2.0340
12  80  1.9100
13  1  1.9490
13  2  1.8320
13  3  2.8180
13  4  1.3320
13  5  2.1730
13  6  2.2730
13  7  2.6190
13  8  1.7140
13  9  1.4640
13  10  1.6420
13  11  1.4320
13  12  0.7880
13  13  0.0010
13  14  0.6990
13  15  0.6990
13  16  0.9520
13  17  2.4100
13  18  1.9970
13  19  3.1020
13  20  3.3020
13  21  4.1180
13  22  4.7200
13  23  4.7200
13  24  3.6180
13  25  4.8230
13  26  5.4730
13  27  5.0720
13  28  5.4840
13  29  4.2500
13  30  5.8230
13  31  6.4120
13  32  6.0240
13  33  6.4340
13  34  6.4430
13  35  6.3370
13  36  8.7960
13  37  7.8940
13  38  9.0720
13  39  3.8950
13  40  3.1880
13  41  3.5950
13  42  4.5370
13  43  3.1240
13  44  2.4440
13  45  2.5840
13  46  4.5950
13  47  4.9860
13  48  6.9430
13  49  4.5660
13  50  4.4650
13  51  5.5540
13  52  6.0080
13  53  7.7000
13  54  7.0240
13  55  6.9300
13  56  6.4380
13  57  7.6890
13  58  7.8590
13  59  8.8250
13  60  7.2360
13  61  7.4160
13  62  8.2130
13  63  8.9770
13  64  8.7300
13  65  9.5630
13  66  9.6630
13  67  10.1690
13  68  7.4430
13  69  7.5560
13  70  8.9350
13  71  7.4010
13  72  6.8340
13  73  6.6550
13  74  7.0440
13  75  6.7000
13  76  7.0790
13  77  5.9830
13  78  7.8440
13  79  2.0440
13  80  1.6960
14  1  3.1120
14  2  2.9950
14  3  3.9810
14  4  2.4950
14  5  3.2410
14  6  2.4190
14  7  2.3180
14  8  1.4130
14  9  1.1630
14  10  1.3410
14  11  2.4190
14  12  1.9510
14  13  0.6990
14  14  0.0010
14  15  0.3980
14  16  1.4100
14  17  2.1090
14  18  1.6960
14  19  2.8010
14  20  3.0010
14  21  3.8170
14  22  4.4190
14  23  4.4190
14  24  3.3170
14  25  4.5220
14  26  5.1720
14  27  4.7710
14  28  5.1830
14  29  3.9490
14  30  5.5220
14  31  6.1110
14  32  5.7230
14  33  6.1330
14  34  6.1420
14  35  6.0360
14  36  8.4950
14  37  7.5930
14  38  8.7710
14  39  3.7970
14  40  3.2490
14  41  3.4970
14  42  4.9090
14  43  3.8370
14  44  3.1570
14  45  3.2970
14  46  4.9670
14  47  5.6990
14  48  7.4030
14  49  4.4680
14  50  4.3670
14  51  5.2530
14  52  5.9100
14  53  7.6020
14  54  6.7230
14  55  7.6430
14  56  7.1510
14  57  8.3730
14  58  8.0010
14  59  8.7010
14  60  7.9490
14  61  8.1290
14  62  8.9260
14  63  9.6900
14  64  9.4430
14  65  10.2760
14  66  9.5840
14  67  10.1740
14  68  8.1560
14  69  8.2690
14  70  8.6340
14  71  7.1000
14  72  6.5330
14  73  6.3540
14  74  6.9460
14  75  6.6020
14  76  6.9810
14  77  5.8850
14  78  7.5430
14  79  2.7570
14  80  1.3950
15  1  3.1120
15  2  2.9950
15  3  3.9810
15  4  2.4950
15  5  3.2410
15  6  2.4190
15  7  2.3180
15  8  1.4130
15  9  1.1630
15  10  1.3410
15  11  2.4190
15  12  1.9510
15  13  0.6990
15  14  0.3980
15  15  0.0010
15  16  1.4100
15  17  2.1090
15  18  1.6960
15  19  2.8010
15  20  3.0010
15  21  3.8170
15  22  4.4190
15  23  4.4190
15  24  3.3170
15  25  4.5220
15  26  5.1720
15  27  4.7710
15  28  5.1830
15  29  3.9490
15  30  5.5220
15  31  6.1110
15  32  5.7230
15  33  6.1330
15  34  6.1420
15  35  6.0360
15  36  8.4950
15  37  7.5930
15  38  8.7710
15  39  3.7970
15  40  3.2490
15  41  3.4970
15  42  4.9090
15  43  3.8370
15  44  3.1570
15  45  3.2970
15  46  4.9670
15  47  5.6990
15  48  7.4030
15  49  4.4680
15  50  4.3670
15  51  5.2530
15  52  5.9100
15  53  7.6020
15  54  6.7230
15  55  7.6430
15  56  7.1510
15  57  8.3730
15  58  8.0010
15  59  8.7010
15  60  7.9490
15  61  8.1290
15  62  8.9260
15  63  9.6900
15  64  9.4430
15  65  10.2760
15  66  9.5840
15  67  10.1740
15  68  8.1560
15  69  8.2690
15  70  8.6340
15  71  7.1000
15  72  6.5330
15  73  6.3540
15  74  6.9460
15  75  6.6020
15  76  6.9810
15  77  5.8850
15  78  7.5430
15  79  2.7570
15  80  1.3950
16  1  2.1030
16  2  1.9860
16  3  2.9720
16  4  1.4860
16  5  2.3270
16  6  2.4270
16  7  3.3300
16  8  2.4250
16  9  2.1750
16  10  2.3530
16  11  1.5860
16  12  0.9420
16  13  0.9520
16  14  1.4100
16  15  1.4100
16  16  0.0010
16  17  2.0830
16  18  1.6700
16  19  2.7750
16  20  2.9750
16  21  3.7910
16  22  4.3930
16  23  4.3930
16  24  3.2910
16  25  4.4960
16  26  5.1460
16  27  4.7450
16  28  5.1570
16  29  3.9230
16  30  5.4960
16  31  6.0850
16  32  5.6970
16  33  6.1070
16  34  6.1160
16  35  6.0100
16  36  8.4690
16  37  7.5670
16  38  8.7450
16  39  3.3440
16  40  2.6370
16  41  3.0440
16  42  4.3830
16  43  2.9700
16  44  2.2900
16  45  2.4300
16  46  4.4410
16  47  4.8320
16  48  6.7890
16  49  4.0150
16  50  3.9140
16  51  5.2270
16  52  5.4570
16  53  7.1490
16  54  6.6970
16  55  6.7760
16  56  6.2840
16  57  7.5350
16  58  7.5480
16  59  8.3870
16  60  7.0820
16  61  7.2620
16  62  8.0590
16  63  8.8230
16  64  8.5760
16  65  9.4090
16  66  9.5090
16  67  10.0150
16  68  7.2890
16  69  7.4020
16  70  8.6080
16  71  7.0740
16  72  6.5070
16  73  6.3280
16  74  6.4930
16  75  6.1490
16  76  6.5280
16  77  5.4320
16  78  7.5170
16  79  1.8900
16  80  1.3690
17  1  3.7850
17  2  3.6680
17  3  4.6540
17  4  3.1680
17  5  4.0090
17  6  4.1090
17  7  4.0290
17  8  3.1240
17  9  2.8740
17  10  3.0520
17  11  3.2680
17  12  2.6240
17  13  2.4100
17  14  2.1090
17  15  2.1090
17  16  2.0830
17  17  0.0010
17  18  0.5980
17  19  1.3510
17  20  1.5510
17  21  2.3670
17  22  2.9690
17  23  2.9690
17  24  1.8670
17  25  3.0720
17  26  3.7220
17  27  3.3210
17  28  3.7330
17  29  2.4990
17  30  4.0720
17  31  4.6610
17  32  4.2730
17  33  4.6830
17  34  4.6920
17  35  4.5860
17  36  7.0450
17  37  6.1430
17  38  7.3210
17  39  1.6230
17  40  1.7300
17  41  1.3230
17  42  2.7350
17  43  3.9210
17  44  3.8300
17  45  3.9700
17  46  2.7930
17  47  3.8710
17  48  5.2290
17  49  2.2940
17  50  2.1930
17  51  3.8030
17  52  3.7360
17  53  5.4280
17  54  5.2730
17  55  6.5220
17  56  6.0300
17  57  6.1990
17  58  5.8270
17  59  6.6660
17  60  6.8280
17  61  7.0080
17  62  7.8050
17  63  8.5690
17  64  8.3220
17  65  9.1550
17  66  8.1340
17  67  8.7240
17  68  7.0350
17  69  7.1480
17  70  7.1840
17  71  5.6500
17  72  5.0830
17  73  4.9040
17  74  4.7720
17  75  4.4280
17  76  4.8070
17  77  3.7110
17  78  6.0930
17  79  3.4300
17  80  0.8280
18  1  3.3720
18  2  3.2550
18  3  4.2410
18  4  2.7550
18  5  3.5960
18  6  3.6960
18  7  3.6160
18  8  2.7110
18  9  2.4610
18  10  2.6390
18  11  2.8550
18  12  2.2110
18  13  1.9970
18  14  1.6960
18  15  1.6960
18  16  1.6700
18  17  0.5980
18  18  0.0010
18  19  1.3510
18  20  1.5510
18  21  2.3670
18  22  2.9690
18  23  2.9690
18  24  1.8670
18  25  3.0720
18  26  3.7220
18  27  3.3210
18  28  3.7330
18  29  2.4990
18  30  4.0720
18  31  4.6610
18  32  4.2730
18  33  4.6830
18  34  4.6920
18  35  4.5860
18  36  7.0450
18  37  6.1430
18  38  7.3210
18  39  1.6230
18  40  1.7300
18  41  1.3230
18  42  2.7350
18  43  3.9210
18  44  3.4170
18  45  3.5570
18  46  2.7930
18  47  3.8710
18  48  5.2290
18  49  2.2940
18  50  2.1930
18  51  3.8030
18  52  3.7360
18  53  5.4280
18  54  5.2730
18  55  6.5220
18  56  6.0300
18  57  6.1990
18  58  5.8270
18  59  6.6660
18  60  6.8280
18  61  7.0080
18  62  7.8050
18  63  8.5690
18  64  8.3220
18  65  9.1550
18  66  8.1340
18  67  8.7240
18  68  7.0350
18  69  7.1480
18  70  7.1840
18  71  5.6500
18  72  5.0830
18  73  4.9040
18  74  4.7720
18  75  4.4280
18  76  4.8070
18  77  3.7110
18  78  6.0930
18  79  3.0170
18  80  1.0990
19  1  4.4770
19  2  4.3600
19  3  5.3460
19  4  3.8600
19  5  4.7010
19  6  4.8010
19  7  4.7210
19  8  3.8160
19  9  3.5660
19  10  3.3970
19  11  3.9600
19  12  3.3160
19  13  3.1020
19  14  2.8010
19  15  2.8010
19  16  2.7750
19  17  1.3510
19  18  1.3510
19  19  0.0010
19  20  1.2000
19  21  2.0160
19  22  2.6180
19  23  2.6180
19  24  1.5160
19  25  2.7210
19  26  3.3710
19  27  2.9700
19  28  3.3820
19  29  2.1480
19  30  3.7210
19  31  4.3100
19  32  3.9220
19  33  4.3320
19  34  4.3410
19  35  4.2350
19  36  6.6940
19  37  5.7920
19  38  6.9700
19  39  2.3760
19  40  2.4830
19  41  2.0760
19  42  3.4880
19  43  4.6740
19  44  4.5220
19  45  4.6620
19  46  3.5460
19  47  4.6240
19  48  5.7880
19  49  3.0470
19  50  2.9460
19  51  3.4520
19  52  4.2950
19  53  5.9870
19  54  4.9220
19  55  7.2750
19  56  6.7830
19  57  6.7580
19  58  6.3860
19  59  6.9000
19  60  7.5810
19  61  7.7610
19  62  8.5580
19  63  8.9040
19  64  9.0750
19  65  8.9790
19  66  7.7830
19  67  8.3730
19  68  7.7880
19  69  7.9010
19  70  6.8330
19  71  5.2990
19  72  4.7320
19  73  4.5530
19  74  5.3310
19  75  4.9870
19  76  5.3660
19  77  4.2700
19  78  5.7420
19  79  4.1220
19  80  1.5200
20  1  4.6770
20  2  4.5600
20  3  5.5460
20  4  4.0600
20  5  4.9010
20  6  5.0010
20  7  4.9210
20  8  4.0160
20  9  3.7660
20  10  3.5970
20  11  4.1600
20  12  3.5160
20  13  3.3020
20  14  3.0010
20  15  3.0010
20  16  2.9750
20  17  1.5510
20  18  1.5510
20  19  1.2000
20  20  0.0010
20  21  1.7000
20  22  2.3020
20  23  2.3020
20  24  1.2000
20  25  2.4050
20  26  3.0550
20  27  2.6540
20  28  3.0660
20  29  1.8320
20  30  3.4050
20  31  3.9940
20  32  3.6060
20  33  4.0160
20  34  4.0250
20  35  3.9190
20  36  6.3780
20  37  5.4760
20  38  6.6540
20  39  2.4580
20  40  2.6830
20  41  2.2760
20  42  3.6880
20  43  4.8740
20  44  4.7220
20  45  4.8620
20  46  3.7460
20  47  4.8240
20  48  5.4720
20  49  3.2470
20  50  3.1460
20  51  3.1360
20  52  3.9790
20  53  5.6710
20  54  4.6060
20  55  7.4750
20  56  6.9830
20  57  6.4420
20  58  6.0700
20  59  6.5840
20  60  7.7810
20  61  7.9610
20  62  8.7390
20  63  8.5880
20  64  9.2180
20  65  8.6630
20  66  7.4670
20  67  8.0570
20  68  7.9880
20  69  8.1010
20  70  6.5170
20  71  4.9830
20  72  4.4160
20  73  4.2370
20  74  5.0150
20  75  4.6710
20  76  5.0500
20  77  3.9540
20  78  5.4260
20  79  4.3220
20  80  1.7200
21  1  5.4930
21  2  5.3760
21  3  6.3620
21  4  4.8760
21  5  5.7170
21  6  5.8170
21  7  5.7370
21  8  4.8320
21  9  4.5820
21  10  4.4130
21  11  4.9760
21  12  4.3320
21  13  4.1180
21  14  3.8170
21  15  3.8170
21  16  3.7910
21  17  2.3670
21  18  2.3670
21  19  2.0160
21  20  1.7000
21  21  0.0010
21  22  1.0000
21  23  2.3180
21  24  1.1790
21  25  1.0920
21  26  1.7420
21  27  1.3410
21  28  2.3730
21  29  1.2790
21  30  2.8520
21  31  3.4410
21  32  3.0530
21  33  3.4630
21  34  3.3320
21  35  3.2260
21  36  5.8250
21  37  4.9230
21  38  6.1010
21  39  2.7580
21  40  3.4990
21  41  3.0920
21  42  4.5040
21  43  5.6900
21  44  5.5380
21  45  5.6780
21  46  4.5620
21  47  4.8990
21  48  4.9460
21  49  4.0630
21  50  2.8520
21  51  2.6100
21  52  3.4530
21  53  5.1450
21  54  3.9130
21  55  6.9660
21  56  7.1670
21  57  5.9160
21  58  5.5440
21  59  5.8910
21  60  7.9650
21  61  8.1450
21  62  8.0460
21  63  7.8950
21  64  8.5250
21  65  7.9700
21  66  6.7740
21  67  7.3640
21  68  8.1720
21  69  8.2850
21  70  5.9640
21  71  4.4300
21  72  3.8630
21  73  3.6840
21  74  4.4890
21  75  4.1450
21  76  4.5240
21  77  3.4280
21  78  4.8730
21  79  5.1380
21  80  2.5360
22  1  6.0950
22  2  5.9780
22  3  6.9640
22  4  5.4780
22  5  6.3190
22  6  6.4190
22  7  6.3390
22  8  5.4340
22  9  5.1840
22  10  5.0150
22  11  5.5780
22  12  4.9340
22  13  4.7200
22  14  4.4190
22  15  4.4190
22  16  4.3930
22  17  2.9690
22  18  2.9690
22  19  2.6180
22  20  2.3020
22  21  1.0000
22  22  0.0010
22  23  0.7980
22  24  1.1790
22  25  1.0920
22  26  1.7420
22  27  1.3410
22  28  2.3730
22  29  1.2790
22  30  2.8520
22  31  3.4410
22  32  3.0530
22  33  3.4630
22  34  3.3320
22  35  3.2260
22  36  5.8250
22  37  4.9230
22  38  6.1010
22  39  1.4420
22  40  4.0930
22  41  3.6860
22  42  4.9740
22  43  6.2840
22  44  6.1400
22  45  6.2800
22  46  5.1560
22  47  3.9210
22  48  3.9680
22  49  3.1170
22  50  1.8740
22  51  1.6320
22  52  2.4750
22  53  4.1670
22  54  3.9130
22  55  6.1260
22  56  6.1890
22  57  4.9380
22  58  4.5660
22  59  5.4050
22  60  6.9870
22  61  7.1670
22  62  7.9640
22  63  7.8950
22  64  8.4810
22  65  7.9700
22  66  6.7740
22  67  7.3640
22  68  7.1940
22  69  7.3070
22  70  5.9640
22  71  4.4300
22  72  3.8630
22  73  3.6840
22  74  3.5110
22  75  3.1670
22  76  3.5460
22  77  2.4500
22  78  4.8730
22  79  5.7400
22  80  3.1380
23  1  6.0950
23  2  5.9780
23  3  6.9640
23  4  5.4780
23  5  6.3190
23  6  6.4190
23  7  6.3390
23  8  5.4340
23  9  5.1840
23  10  5.0150
23  11  5.5780
23  12  4.9340
23  13  4.7200
23  14  4.4190
23  15  4.4190
23  16  4.3930
23  17  2.9690
23  18  2.9690
23  19  2.6180
23  20  2.3020
23  21  2.3180
23  22  0.7980
23  23  0.0010
23  24  2.1020
23  25  2.4100
23  26  3.0600
23  27  2.6590
23  28  3.6910
23  29  2.5970
23  30  4.1700
23  31  4.7590
23  32  4.3710
23  33  4.7810
23  34  4.6500
23  35  4.5440
23  36  7.1430
23  37  6.2410
23  38  7.4190
23  39  1.4420
23  40  4.0930
23  41  3.6860
23  42  4.9740
23  43  6.2840
23  44  6.1400
23  45  6.2800
23  46  5.1560
23  47  3.9210
23  48  3.9680
23  49  3.1170
23  50  1.8740
23  51  1.6320
23  52  2.4750
23  53  4.1670
23  54  4.4540
23  55  6.1260
23  56  6.1890
23  57  4.9380
23  58  4.5660
23  59  5.4050
23  60  6.9870
23  61  7.1670
23  62  7.9640
23  63  8.7280
23  64  8.4810
23  65  8.9280
23  66  7.7320
23  67  8.3220
23  68  7.1940
23  69  7.3070
23  70  7.2820
23  71  5.7480
23  72  5.1810
23  73  5.0020
23  74  3.5110
23  75  3.1670
23  76  3.5460
23  77  2.4500
23  78  6.1910
23  79  5.7400
23  80  3.1380
24  1  4.9930
24  2  4.8760
24  3  5.8620
24  4  4.3760
24  5  5.2170
24  6  5.3170
24  7  5.2370
24  8  4.3320
24  9  4.0820
24  10  3.9130
24  11  4.4760
24  12  3.8320
24  13  3.6180
24  14  3.3170
24  15  3.3170
24  16  3.2910
24  17  1.8670
24  18  1.8670
24  19  1.5160
24  20  1.2000
24  21  1.1790
24  22  1.1790
24  23  2.1020
24  24  0.0010
24  25  1.2710
24  26  1.9210
24  27  1.5200
24  28  1.9320
24  29  0.6980
24  30  2.2710
24  31  2.8600
24  32  2.4720
24  33  2.8820
24  34  2.8910
24  35  2.7850
24  36  5.2440
24  37  4.3420
24  38  5.5200
24  39  2.2580
24  40  2.9990
24  41  2.5920
24  42  4.0040
24  43  5.1900
24  44  5.0380
24  45  5.1780
24  46  4.0620
24  47  5.0780
24  48  5.1250
24  49  3.5630
24  50  3.0310
24  51  2.7890
24  52  3.5140
24  53  5.3240
24  54  3.4720
24  55  6.5250
24  56  6.8410
24  57  5.5960
24  58  5.7230
24  59  5.4500
24  60  8.0970
24  61  8.2770
24  62  7.6050
24  63  7.4540
24  64  8.0840
24  65  7.5290
24  66  6.3330
24  67  6.9230
24  68  8.3040
24  69  8.4170
24  70  5.3830
24  71  3.8490
24  72  3.2820
24  73  3.1030
24  74  4.2150
24  75  4.3240
24  76  4.5410
24  77  3.6070
24  78  4.2920
24  79  4.6380
24  80  2.0360
25  1  6.1980
25  2  6.0810
25  3  7.0670
25  4  5.5810
25  5  6.4220
25  6  6.5220
25  7  6.4420
25  8  5.5370
25  9  5.2870
25  10  5.1180
25  11  5.6810
25  12  5.0370
25  13  4.8230
25  14  4.5220
25  15  4.5220
25  16  4.4960
25  17  3.0720
25  18  3.0720
25  19  2.7210
25  20  2.4050
25  21  1.0920
25  22  1.0920
25  23  2.4100
25  24  1.2710
25  25  0.0010
25  26  0.9480
25  27  0.5470
25  28  1.5790
25  29  1.3710
25  30  2.0770
25  31  2.6660
25  32  2.2780
25  33  2.6880
25  34  2.5380
25  35  2.4320
25  36  5.0500
25  37  4.1480
25  38  5.3260
25  39  3.0540
25  40  4.2040
25  41  3.7970
25  42  5.2090
25  43  6.3950
25  44  6.2430
25  45  6.3830
25  46  5.2670
25  47  4.9910
25  48  5.0380
25  49  4.1870
25  50  2.9440
25  51  2.6800
25  52  3.1610
25  53  5.2370
25  54  3.1190
25  55  6.1720
25  56  6.4880
25  57  5.2430
25  58  5.4130
25  59  5.0970
25  60  7.9840
25  61  8.1640
25  62  7.2520
25  63  7.1010
25  64  7.7310
25  65  7.1760
25  66  5.9800
25  67  6.5700
25  68  8.1910
25  69  8.2280
25  70  5.1890
25  71  3.6550
25  72  3.0880
25  73  2.9090
25  74  3.8620
25  75  4.2370
25  76  4.1880
25  77  3.5200
25  78  4.0980
25  79  5.8430
25  80  3.2410
26  1  6.8480
26  2  6.7310
26  3  7.7170
26  4  6.2310
26  5  7.0720
26  6  7.1720
26  7  7.0920
26  8  6.1870
26  9  5.9370
26  10  5.7680
26  11  6.3310
26  12  5.6870
26  13  5.4730
26  14  5.1720
26  15  5.1720
26  16  5.1460
26  17  3.7220
26  18  3.7220
26  19  3.3710
26  20  3.0550
26  21  1.7420
26  22  1.7420
26  23  3.0600
26  24  1.9210
26  25  0.9480
26  26  0.0010
26  27  1.1970
26  28  1.6090
26  29  2.0210
26  30  1.9480
26  31  2.5370
26  32  2.1490
26  33  2.5590
26  34  2.5680
26  35  2.4620
26  36  4.9210
26  37  4.0190
26  38  5.1970
26  39  3.7040
26  40  4.8540
26  41  4.4470
26  42  5.8590
26  43  7.0450
26  44  6.8930
26  45  7.0330
26  46  5.9170
26  47  5.6410
26  48  5.3980
26  49  4.8370
26  50  3.5940
26  51  2.7100
26  52  3.1910
26  53  5.5970
26  54  3.1490
26  55  6.2020
26  56  6.5180
26  57  5.2730
26  58  5.4430
26  59  5.1270
26  60  8.0140
26  61  8.1940
26  62  7.2820
26  63  7.1310
26  64  7.7610
26  65  7.2060
26  66  6.0100
26  67  6.6000
26  68  8.2210
26  69  8.2580
26  70  5.0600
26  71  3.5260
26  72  2.9590
26  73  2.7800
26  74  3.8920
26  75  4.5970
26  76  4.2180
26  77  4.1700
26  78  3.9690
26  79  6.4930
26  80  3.8910
27  1  6.4470
27  2  6.3300
27  3  7.3160
27  4  5.8300
27  5  6.6710
27  6  6.7710
27  7  6.6910
27  8  5.7860
27  9  5.5360
27  10  5.3670
27  11  5.9300
27  12  5.2860
27  13  5.0720
27  14  4.7710
27  15  4.7710
27  16  4.7450
27  17  3.3210
27  18  3.3210
27  19  2.9700
27  20  2.6540
27  21  1.3410
27  22  1.3410
27  23  2.6590
27  24  1.5200
27  25  0.5470
27  26  1.1970
27  27  0.0010
27  28  1.2300
27  29  1.6200
27  30  2.3260
27  31  2.9150
27  32  2.5270
27  33  2.9370
27  34  2.1890
27  35  2.0830
27  36  5.2990
27  37  4.3970
27  38  5.5750
27  39  3.3030
27  40  4.4530
27  41  4.0460
27  42  5.4580
27  43  6.6440
27  44  6.4920
27  45  6.6320
27  46  5.5160
27  47  5.2400
27  48  5.0190
27  49  4.4360
27  50  3.1930
27  51  2.3310
27  52  2.8120
27  53  5.2180
27  54  2.7700
27  55  5.8230
27  56  6.1390
27  57  4.8940
27  58  5.0640
27  59  4.7480
27  60  7.6350
27  61  7.8150
27  62  6.9030
27  63  6.7520
27  64  7.3820
27  65  6.8270
27  66  5.6310
27  67  6.2210
27  68  7.8420
27  69  7.8790
27  70  5.4380
27  71  3.9040
27  72  3.3370
27  73  3.1550
27  74  3.5130
27  75  4.2180
27  76  3.8390
27  77  3.7690
27  78  4.3470
27  79  6.0920
27  80  3.4900
28  1  6.8590
28  2  6.7420
28  3  7.7280
28  4  6.2420
28  5  7.0830
28  6  7.1830
28  7  7.1030
28  8  6.1980
28  9  5.9480
28  10  5.7790
28  11  6.3420
28  12  5.6980
28  13  5.4840
28  14  5.1830
28  15  5.1830
28  16  5.1570
28  17  3.7330
28  18  3.7330
28  19  3.3820
28  20  3.0660
28  21  2.3730
28  22  2.3730
28  23  3.6910
28  24  1.9320
28  25  1.5790
28  26  1.6090
28  27  1.2300
28  28  0.0010
28  29  2.0320
28  30  1.8650
28  31  2.4540
28  32  1.5310
28  33  1.9320
28  34  1.4040
28  35  1.6510
28  36  4.2940
28  37  3.3920
28  38  4.5700
28  39  4.1240
28  40  4.8650
28  41  4.4580
28  42  5.8700
28  43  7.0560
28  44  6.9040
28  45  7.0440
28  46  5.9280
28  47  5.3370
28  48  4.5870
28  49  5.1690
28  50  4.2250
28  51  1.8990
28  52  2.3800
28  53  4.7860
28  54  2.3380
28  55  5.3910
28  56  5.7070
28  57  4.4620
28  58  4.6320
28  59  4.3160
28  60  7.2030
28  61  7.3830
28  62  6.4710
28  63  6.3200
28  64  6.9500
28  65  6.3950
28  66  5.1990
28  67  5.7890
28  68  7.4100
28  69  7.4470
28  70  4.4330
28  71  2.8990
28  72  2.3320
28  73  2.1530
28  74  3.0810
28  75  3.7860
28  76  3.4070
28  77  4.0640
28  78  3.3420
28  79  6.5040
28  80  3.9020
29  1  5.6250
29  2  5.5080
29  3  6.4940
29  4  5.0080
29  5  5.8490
29  6  5.9490
29  7  5.8690
29  8  4.9640
29  9  4.7140
29  10  4.5450
29  11  5.1080
29  12  4.4640
29  13  4.2500
29  14  3.9490
29  15  3.9490
29  16  3.9230
29  17  2.4990
29  18  2.4990
29  19  2.1480
29  20  1.8320
29  21  1.2790
29  22  1.2790
29  23  2.5970
29  24  0.6980
29  25  1.3710
29  26  2.0210
29  27  1.6200
29  28  2.0320
29  29  0.0010
29  30  2.3710
29  31  2.9600
29  32  2.5720
29  33  2.9820
29  34  2.9910
29  35  2.8850
29  36  5.3440
29  37  4.4420
29  38  5.6200
29  39  2.8900
29  40  3.6310
29  41  3.2240
29  42  4.6360
29  43  5.8220
29  44  5.6700
29  45  5.8100
29  46  4.6940
29  47  5.1780
29  48  5.2250
29  49  4.1950
29  50  3.1310
29  51  2.8890
29  52  3.6140
29  53  5.4240
29  54  3.5720
29  55  6.6250
29  56  6.9410
29  57  5.6960
29  58  5.8230
29  59  5.5500
29  60  8.2440
29  61  8.4240
29  62  7.7050
29  63  7.5540
29  64  8.1840
29  65  7.6290
29  66  6.4330
29  67  7.0230
29  68  8.4510
29  69  8.5640
29  70  5.4830
29  71  3.9490
29  72  3.3820
29  73  3.2030
29  74  4.3150
29  75  4.4240
29  76  4.6410
29  77  3.7070
29  78  4.3920
29  79  5.2700
29  80  2.6680
30  1  7.1980
30  2  7.0810
30  3  8.0670
30  4  6.5810
30  5  7.4220
30  6  7.5220
30  7  7.4420
30  8  6.5370
30  9  6.2870
30  10  6.1180
30  11  6.6810
30  12  6.0370
30  13  5.8230
30  14  5.5220
30  15  5.5220
30  16  5.4960
30  17  4.0720
30  18  4.0720
30  19  3.7210
30  20  3.4050
30  21  2.8520
30  22  2.8520
30  23  4.1700
30  24  2.2710
30  25  2.0770
30  26  1.9480
30  27  2.3260
30  28  1.8650
30  29  2.3710
30  30  0.0010
30  31  1.1870
30  32  0.7990
30  33  1.9330
30  34  2.6000
30  35  2.8120
30  36  4.2950
30  37  2.9290
30  38  4.5710
30  39  4.4630
30  40  5.2040
30  41  4.7970
30  42  6.2090
30  43  7.3950
30  44  7.2430
30  45  7.3830
30  46  6.2670
30  47  6.4980
30  48  5.7480
30  49  5.7680
30  50  4.7040
30  51  3.0600
30  52  3.5410
30  53  5.9470
30  54  3.4990
30  55  6.5520
30  56  6.8680
30  57  5.6230
30  58  5.7930
30  59  5.4770
30  60  8.3640
30  61  8.5440
30  62  7.6320
30  63  7.4810
30  64  8.1110
30  65  7.5560
30  66  6.3600
30  67  6.9500
30  68  8.5710
30  69  8.6080
30  70  4.4340
30  71  2.9000
30  72  2.3330
30  73  2.1540
30  74  4.2420
30  75  4.9470
30  76  4.5680
30  77  5.2250
30  78  2.8790
30  79  6.8430
30  80  4.2410
31  1  7.7870
31  2  7.6700
31  3  8.6560
31  4  7.1700
31  5  8.0110
31  6  8.1110
31  7  8.0310
31  8  7.1260
31  9  6.8760
31  10  6.7070
31  11  7.2700
31  12  6.6260
31  13  6.4120
31  14  6.1110
31  15  6.1110
31  16  6.0850
31  17  4.6610
31  18  4.6610
31  19  4.3100
31  20  3.9940
31  21  3.4410
31  22  3.4410
31  23  4.7590
31  24  2.8600
31  25  2.6660
31  26  2.5370
31  27  2.9150
31  28  2.4540
31  29  2.9600
31  30  1.1870
31  31  0.0010
31  32  1.3880
31  33  2.5220
31  34  3.1890
31  35  3.4010
31  36  4.1660
31  37  2.3400
31  38  4.4420
31  39  5.0520
31  40  5.7930
31  41  5.3860
31  42  6.7980
31  43  7.9840
31  44  7.8320
31  45  7.9720
31  46  6.8560
31  47  7.0870
31  48  6.3370
31  49  6.3570
31  50  5.2930
31  51  3.6490
31  52  4.1300
31  53  6.5360
31  54  4.0880
31  55  7.1410
31  56  7.4570
31  57  6.2120
31  58  6.3820
31  59  6.0660
31  60  8.9530
31  61  9.1330
31  62  8.2210
31  63  8.0700
31  64  8.7000
31  65  8.1450
31  66  6.9490
31  67  7.5390
31  68  9.1600
31  69  9.1970
31  70  4.3050
31  71  2.7710
31  72  2.9220
31  73  2.7430
31  74  4.8310
31  75  5.5360
31  76  5.1570
31  77  5.8140
31  78  2.2900
31  79  7.4320
31  80  4.8300
32  1  7.3990
32  2  7.2820
32  3  8.2680
32  4  6.7820
32  5  7.6230
32  6  7.7230
32  7  7.6430
32  8  6.7380
32  9  6.4880
32  10  6.3190
32  11  6.8820
32  12  6.2380
32  13  6.0240
32  14  5.7230
32  15  5.7230
32  16  5.6970
32  17  4.2730
32  18  4.2730
32  19  3.9220
32  20  3.6060
32  21  3.0530
32  22  3.0530
32  23  4.3710
32  24  2.4720
32  25  2.2780
32  26  2.1490
32  27  2.5270
32  28  1.5310
32  29  2.5720
32  30  0.7990
32  31  1.3880
32  32  0.0010
32  33  1.5990
32  34  2.2660
32  35  3.0130
32  36  3.9610
32  37  3.0590
32  38  4.2370
32  39  4.6640
32  40  5.4050
32  41  4.9980
32  42  6.4100
32  43  7.5960
32  44  7.4440
32  45  7.5840
32  46  6.4680
32  47  6.6990
32  48  5.9490
32  49  5.9690
32  50  4.9050
32  51  3.2610
32  52  3.7420
32  53  6.1480
32  54  3.7000
32  55  6.7530
32  56  7.0690
32  57  5.8240
32  58  5.9940
32  59  5.6780
32  60  8.5650
32  61  8.7450
32  62  7.8330
32  63  7.6820
32  64  8.3120
32  65  7.7570
32  66  6.5610
32  67  7.1510
32  68  8.7720
32  69  8.8090
32  70  4.1000
32  71  2.5660
32  72  1.9990
32  73  1.8200
32  74  4.4430
32  75  5.1480
32  76  4.7690
32  77  5.4260
32  78  3.0090
32  79  7.0440
32  80  4.4420
33  1  7.8090
33  2  7.6920
33  3  8.6780
33  4  7.1920
33  5  8.0330
33  6  8.1330
33  7  8.0530
33  8  7.1480
33  9  6.8980
33  10  6.7290
33  11  7.2920
33  12  6.6480
33  13  6.4340
33  14  6.1330
33  15  6.1330
33  16  6.1070
33  17  4.6830
33  18  4.6830
33  19  4.3320
33  20  4.0160
33  21  3.4630
33  22  3.4630
33  23  4.7810
33  24  2.8820
33  25  2.6880
33  26  2.5590
33  27  2.9370
33  28  1.9320
33  29  2.9820
33  30  1.9330
33  31  2.5220
33  32  1.5990
33  33  0.0010
33  34  2.6670
33  35  3.4230
33  36  4.3620
33  37  3.4600
33  38  4.6380
33  39  5.0740
33  40  5.8150
33  41  5.4080
33  42  6.8200
33  43  8.0060
33  44  7.8540
33  45  7.9940
33  46  6.8780
33  47  7.1090
33  48  6.3590
33  49  6.3790
33  50  5.3150
33  51  3.6710
33  52  4.1520
33  53  6.5580
33  54  4.1100
33  55  7.1630
33  56  7.4790
33  57  6.2340
33  58  6.4040
33  59  6.0880
33  60  8.9750
33  61  9.1550
33  62  8.2430
33  63  8.0920
33  64  8.7220
33  65  8.1670
33  66  6.9710
33  67  7.5610
33  68  9.1820
33  69  9.2190
33  70  4.5010
33  71  2.9670
33  72  2.4000
33  73  2.2210
33  74  4.8530
33  75  5.5580
33  76  5.1790
33  77  5.8360
33  78  3.4100
33  79  7.4540
33  80  4.8520
34  1  7.8180
34  2  7.7010
34  3  8.6870
34  4  7.2010
34  5  8.0420
34  6  8.1420
34  7  8.0620
34  8  7.1570
34  9  6.9070
34  10  6.7380
34  11  7.3010
34  12  6.6570
34  13  6.4430
34  14  6.1420
34  15  6.1420
34  16  6.1160
34  17  4.6920
34  18  4.6920
34  19  4.3410
34  20  4.0250
34  21  3.3320
34  22  3.3320
34  23  4.6500
34  24  2.8910
34  25  2.5380
34  26  2.5680
34  27  2.1890
34  28  1.4040
34  29  2.9910
34  30  2.6000
34  31  3.1890
34  32  2.2660
34  33  2.6670
34  34  0.0010
34  35  2.0900
34  36  4.0670
34  37  3.1650
34  38  4.3430
34  39  5.0830
34  40  5.8240
34  41  5.4170
34  42  6.8290
34  43  8.0150
34  44  7.8630
34  45  8.0030
34  46  6.8870
34  47  6.1200
34  48  5.3700
34  49  5.9520
34  50  5.1840
34  51  2.8580
34  52  3.1630
34  53  5.5690
34  54  3.1210
34  55  6.1740
34  56  6.4900
34  57  5.2450
34  58  5.4150
34  59  5.0990
34  60  7.9860
34  61  8.1660
34  62  7.2540
34  63  7.1030
34  64  7.7330
34  65  7.1780
34  66  5.9820
34  67  6.5720
34  68  8.1930
34  69  8.2300
34  70  4.2060
34  71  2.6720
34  72  2.1050
34  73  1.7640
34  74  3.8640
34  75  4.5690
34  76  4.1900
34  77  4.8470
34  78  3.1150
34  79  7.4630
34  80  4.8610
35  1  7.7120
35  2  7.5950
35  3  8.5810
35  4  7.0950
35  5  7.9360
35  6  8.0360
35  7  7.9560
35  8  7.0510
35  9  6.8010
35  10  6.6320
35  11  7.1950
35  12  6.5510
35  13  6.3370
35  14  6.0360
35  15  6.0360
35  16  6.0100
35  17  4.5860
35  18  4.5860
35  19  4.2350
35  20  3.9190
35  21  3.2260
35  22  3.2260
35  23  4.5440
35  24  2.7850
35  25  2.4320
35  26  2.4620
35  27  2.0830
35  28  1.6510
35  29  2.8850
35  30  2.8120
35  31  3.4010
35  32  3.0130
35  33  3.4230
35  34  2.0900
35  35  0.0010
35  36  5.3590
35  37  4.4570
35  38  5.6350
35  39  4.9770
35  40  5.7180
35  41  5.3110
35  42  5.4030
35  43  7.4950
35  44  7.5900
35  45  7.5240
35  46  6.3670
35  47  4.3500
35  48  3.6000
35  49  4.1820
35  50  3.9310
35  51  1.8320
35  52  1.3930
35  53  3.7990
35  54  1.3510
35  55  4.4040
35  56  4.7200
35  57  3.4750
35  58  3.6450
35  59  3.3290
35  60  6.2160
35  61  6.3960
35  62  5.4840
35  63  5.3330
35  64  5.9630
35  65  5.4080
35  66  4.2120
35  67  4.8020
35  68  6.4230
35  69  6.4600
35  70  5.4980
35  71  3.9640
35  72  3.3970
35  73  3.0560
35  74  2.0940
35  75  2.7990
35  76  2.4200
35  77  3.0770
35  78  4.4070
35  79  7.3570
35  80  4.7550
36  1  10.1710
36  2  10.0540
36  3  11.0400
36  4  9.5540
36  5  10.3950
36  6  10.4950
36  7  10.4150
36  8  9.5100
36  9  9.2600
36  10  9.0910
36  11  9.6540
36  12  9.0100
36  13  8.7960
36  14  8.4950
36  15  8.4950
36  16  8.4690
36  17  7.0450
36  18  7.0450
36  19  6.6940
36  20  6.3780
36  21  5.8250
36  22  5.8250
36  23  7.1430
36  24  5.2440
36  25  5.0500
36  26  4.9210
36  27  5.2990
36  28  4.2940
36  29  5.3440
36  30  4.2950
36  31  4.1660
36  32  3.9610
36  33  4.3620
36  34  4.0670
36  35  5.3590
36  36  0.0010
36  37  2.8660
36  38  2.7670
36  39  7.4360
36  40  8.1770
36  41  7.7700
36  42  9.1820
36  43  10.3680
36  44  10.2160
36  45  10.3560
36  46  9.2400
36  47  8.4580
36  48  8.1430
36  49  8.2900
36  50  7.6770
36  51  6.0330
36  52  6.4320
36  53  8.3420
36  54  5.4590
36  55  8.1150
36  56  8.4310
36  57  7.1860
36  58  7.3560
36  59  7.0400
36  60  9.9270
36  61  10.1070
36  62  9.0670
36  63  8.9160
36  64  9.5460
36  65  8.9910
36  66  7.7950
36  67  8.3850
36  68  10.1340
36  69  10.0430
36  70  1.7240
36  71  2.3730
36  72  3.8000
36  73  3.6210
36  74  6.2020
36  75  7.3420
36  76  7.4590
36  77  7.1850
36  78  2.8160
36  79  9.8160
36  80  7.2140
37  1  9.2690
37  2  9.1520
37  3  10.1380
37  4  8.6520
37  5  9.4930
37  6  9.5930
37  7  9.5130
37  8  8.6080
37  9  8.3580
37  10  8.1890
37  11  8.7520
37  12  8.1080
37  13  7.8940
37  14  7.5930
37  15  7.5930
37  16  7.5670
37  17  6.1430
37  18  6.1430
37  19  5.7920
37  20  5.4760
37  21  4.9230
37  22  4.9230
37  23  6.2410
37  24  4.3420
37  25  4.1480
37  26  4.0190
37  27  4.3970
37  28  3.3920
37  29  4.4420
37  30  2.9290
37  31  2.3400
37  32  3.0590
37  33  3.4600
37  34  3.1650
37  35  4.4570
37  36  2.8660
37  37  0.0010
37  38  3.1420
37  39  6.5340
37  40  7.2750
37  41  6.8680
37  42  8.2800
37  43  9.4660
37  44  9.3140
37  45  9.4540
37  46  8.3380
37  47  8.4870
37  48  7.7370
37  49  7.8390
37  50  6.7750
37  51  5.1310
37  52  5.5300
37  53  7.9360
37  54  5.4880
37  55  8.5410
37  56  8.8570
37  57  7.6120
37  58  7.7820
37  59  7.4660
37  60  10.3530
37  61  10.5330
37  62  9.6210
37  63  9.4700
37  64  10.1000
37  65  9.5450
37  66  8.3490
37  67  8.9390
37  68  10.5600
37  69  10.5970
37  70  3.0050
37  71  1.4710
37  72  2.8980
37  73  2.7190
37  74  6.2310
37  75  6.9360
37  76  6.5570
37  77  7.2140
37  78  0.9900
37  79  8.9140
37  80  6.3120
38  1  10.4470
38  2  10.3300
38  3  11.3160
38  4  9.8300
38  5  10.6710
38  6  10.7710
38  7  10.6910
38  8  9.7860
38  9  9.5360
38  10  9.3670
38  11  9.9300
38  12  9.2860
38  13  9.0720
38  14  8.7710
38  15  8.7710
38  16  8.7450
38  17  7.3210
38  18  7.3210
38  19  6.9700
38  20  6.6540
38  21  6.1010
38  22  6.1010
38  23  7.4190
38  24  5.5200
38  25  5.3260
38  26  5.1970
38  27  5.5750
38  28  4.5700
38  29  5.6200
38  30  4.5710
38  31  4.4420
38  32  4.2370
38  33  4.6380
38  34  4.3430
38  35  5.6350
38  36  2.7670
38  37  3.1420
38  38  0.0010
38  39  7.7120
38  40  8.4530
38  41  8.0460
38  42  9.4580
38  43  10.6440
38  44  10.4920
38  45  10.6320
38  46  9.5160
38  47  9.6650
38  48  8.9150
38  49  9.0170
38  50  7.9530
38  51  6.3090
38  52  6.7080
38  53  9.1140
38  54  6.6660
38  55  9.7190
38  56  10.0350
38  57  8.7900
38  58  8.9600
38  59  8.6440
38  60  11.5310
38  61  11.7110
38  62  10.7990
38  63  10.6480
38  64  11.2780
38  65  10.7230
38  66  9.5270
38  67  10.1170
38  68  11.7380
38  69  11.7750
38  70  1.8630
38  71  2.6490
38  72  4.0760
38  73  3.8970
38  74  7.4090
38  75  8.1140
38  76  7.7350
38  77  8.3920
38  78  3.0920
38  79  10.0920
38  80  7.4900
39  1  5.0460
39  2  4.9290
39  3  5.9150
39  4  4.4290
39  5  5.2700
39  6  5.3700
39  7  5.7170
39  8  4.8120
39  9  4.5620
39  10  4.7400
39  11  4.5290
39  12  3.8850
39  13  3.8950
39  14  3.7970
39  15  3.7970
39  16  3.3440
39  17  1.6230
39  18  1.6230
39  19  2.3760
39  20  2.4580
39  21  2.7580
39  22  1.4420
39  23  1.4420
39  24  2.2580
39  25  3.0540
39  26  3.7040
39  27  3.3030
39  28  4.1240
39  29  2.8900
39  30  4.4630
39  31  5.0520
39  32  4.6640
39  33  5.0740
39  34  5.0830
39  35  4.9770
39  36  7.4360
39  37  6.5340
39  38  7.7120
39  39  0.0010
39  40  1.3050
39  41  0.8980
39  42  2.3100
39  43  3.4960
39  44  3.8910
39  45  3.8250
39  46  2.3680
39  47  3.4460
39  48  4.6120
39  49  1.8690
39  50  1.7680
39  51  2.2760
39  52  3.1190
39  53  4.8110
39  54  5.0980
39  55  6.0970
39  56  5.6050
39  57  5.5820
39  58  5.2100
39  59  6.0490
39  60  6.4030
39  61  6.5830
39  62  7.3800
39  63  8.1440
39  64  7.8970
39  65  8.7300
39  66  8.3760
39  67  8.9660
39  68  6.6100
39  69  6.7230
39  70  7.5750
39  71  6.0410
39  72  5.4740
39  73  5.2950
39  74  4.1550
39  75  3.8110
39  76  4.1900
39  77  3.0940
39  78  6.4840
39  79  4.6910
39  80  2.8960
40  1  4.3390
40  2  4.2220
40  3  5.2080
40  4  3.7220
40  5  4.5630
40  6  4.6630
40  7  5.1690
40  8  4.2640
40  9  4.0140
40  10  4.1920
40  11  3.8220
40  12  3.1780
40  13  3.1880
40  14  3.2490
40  15  3.2490
40  16  2.6370
40  17  1.7300
40  18  1.7300
40  19  2.4830
40  20  2.6830
40  21  3.4990
40  22  4.0930
40  23  4.0930
40  24  2.9990
40  25  4.2040
40  26  4.8540
40  27  4.4530
40  28  4.8650
40  29  3.6310
40  30  5.2040
40  31  5.7930
40  32  5.4050
40  33  5.8150
40  34  5.8240
40  35  5.7180
40  36  8.1770
40  37  7.2750
40  38  8.4530
40  39  1.3050
40  40  0.0010
40  41  1.0050
40  42  2.4170
40  43  3.6030
40  44  3.9980
40  45  3.9320
40  46  2.4750
40  47  3.5530
40  48  4.9110
40  49  1.9760
40  50  1.8750
40  51  3.8610
40  52  3.4180
40  53  5.1100
40  54  5.3970
40  55  6.2040
40  56  5.7120
40  57  5.8810
40  58  5.5090
40  59  6.3480
40  60  6.5100
40  61  6.6900
40  62  7.4870
40  63  8.2510
40  64  8.0040
40  65  8.8370
40  66  8.6750
40  67  9.2650
40  68  6.7170
40  69  6.8300
40  70  8.3160
40  71  6.7820
40  72  6.2150
40  73  6.0360
40  74  4.4540
40  75  4.1100
40  76  4.4890
40  77  3.3930
40  78  7.2250
40  79  3.9840
40  80  3.0030
41  1  4.7460
41  2  4.6290
41  3  5.6150
41  4  4.1290
41  5  4.9700
41  6  5.0700
41  7  5.4170
41  8  4.5120
41  9  4.2620
41  10  4.4400
41  11  4.2290
41  12  3.5850
41  13  3.5950
41  14  3.4970
41  15  3.4970
41  16  3.0440
41  17  1.3230
41  18  1.3230
41  19  2.0760
41  20  2.2760
41  21  3.0920
41  22  3.6860
41  23  3.6860
41  24  2.5920
41  25  3.7970
41  26  4.4470
41  27  4.0460
41  28  4.4580
41  29  3.2240
41  30  4.7970
41  31  5.3860
41  32  4.9980
41  33  5.4080
41  34  5.4170
41  35  5.3110
41  36  7.7700
41  37  6.8680
41  38  8.0460
41  39  0.8980
41  40  1.0050
41  41  0.0010
41  42  2.0100
41  43  3.1960
41  44  3.5910
41  45  3.5250
41  46  2.0680
41  47  3.1460
41  48  4.5040
41  49  1.5690
41  50  1.4680
41  51  3.4540
41  52  3.0110
41  53  4.7030
41  54  4.9900
41  55  5.7970
41  56  5.3050
41  57  5.4740
41  58  5.1020
41  59  5.9410
41  60  6.1030
41  61  6.2830
41  62  7.0800
41  63  7.8440
41  64  7.5970
41  65  8.4300
41  66  8.2680
41  67  8.8580
41  68  6.3100
41  69  6.4230
41  70  7.9090
41  71  6.3750
41  72  5.8080
41  73  5.6290
41  74  4.0470
41  75  3.7030
41  76  4.0820
41  77  2.9860
41  78  6.8180
41  79  4.3910
41  80  2.5960
42  1  5.0290
42  2  4.9120
42  3  5.8980
42  4  4.4120
42  5  5.2530
42  6  5.3530
42  7  6.3760
42  8  5.9240
42  9  5.6740
42  10  5.8520
42  11  4.5120
42  12  4.4010
42  13  4.4110
42  14  4.9090
42  15  4.9090
42  16  4.2570
42  17  2.7350
42  18  2.7350
42  19  3.4880
42  20  3.6880
42  21  4.5040
42  22  4.9740
42  23  4.9740
42  24  4.0040
42  25  5.2090
42  26  5.8590
42  27  5.4580
42  28  5.8700
42  29  4.6360
42  30  6.2090
42  31  6.7980
42  32  6.4100
42  33  6.8200
42  34  6.8290
42  35  5.4030
42  36  9.1820
42  37  8.2800
42  38  9.4580
42  39  2.3100
42  40  2.4170
42  41  2.0100
42  42  0.0010
42  43  2.4900
42  44  2.8850
42  45  2.8190
42  46  1.3620
42  47  1.8890
42  48  3.8460
42  49  1.7210
42  50  2.8800
42  51  4.7420
42  52  4.2990
42  53  4.3630
42  54  4.6500
42  55  4.6230
42  56  4.1310
42  57  5.1340
42  58  4.7620
42  59  5.6010
42  60  4.9290
42  61  5.1090
42  62  5.9060
42  63  6.6700
42  64  6.4230
42  65  7.2560
42  66  7.3560
42  67  7.8620
42  68  5.1360
42  69  5.2490
42  70  9.3210
42  71  7.7870
42  72  7.2200
42  73  7.0410
42  74  3.7070
42  75  3.3630
42  76  3.7420
42  77  2.8440
42  78  8.2300
42  79  3.6850
42  80  4.0080
43  1  3.7420
43  2  3.6250
43  3  4.6110
43  4  3.1250
43  5  3.9660
43  6  4.0660
43  7  5.0890
43  8  4.8520
43  9  4.6020
43  10  4.7800
43  11  3.2250
43  12  3.1140
43  13  3.1240
43  14  3.8370
43  15  3.8370
43  16  2.9700
43  17  3.6820
43  18  3.6820
43  19  4.4350
43  20  4.6350
43  21  5.4510
43  22  6.0450
43  23  6.0450
43  24  4.9510
43  25  6.1560
43  26  6.8060
43  27  6.4050
43  28  6.8170
43  29  5.5830
43  30  7.1560
43  31  7.7450
43  32  7.3570
43  33  7.7670
43  34  7.7760
43  35  7.1820
43  36  10.1290
43  37  9.2270
43  38  10.4050
43  39  3.2570
43  40  3.3640
43  41  2.9570
43  42  2.2510
43  43  0.0010
43  44  1.5980
43  45  1.5320
43  46  2.3090
43  47  3.0520
43  48  5.0090
43  49  3.5000
43  50  3.8270
43  51  5.8130
43  52  5.3700
43  53  5.8320
43  54  6.4290
43  55  4.9960
43  56  4.5040
43  57  5.7550
43  58  5.9250
43  59  6.8910
43  60  5.3020
43  61  5.4820
43  62  6.2790
43  63  7.0430
43  64  6.7960
43  65  7.6290
43  66  7.7290
43  67  8.2350
43  68  5.5090
43  69  5.6220
43  70  10.2680
43  71  8.7340
43  72  8.1670
43  73  7.9880
43  74  5.4860
43  75  5.1420
43  76  5.5210
43  77  4.6230
43  78  9.1770
43  79  2.3980
43  80  3.7960
44  1  3.0620
44  2  2.9450
44  3  3.9310
44  4  2.4450
44  5  3.2860
44  6  3.3860
44  7  4.4090
44  8  4.1720
44  9  3.9220
44  10  4.1000
44  11  2.5450
44  12  2.4340
44  13  2.4440
44  14  3.1570
44  15  3.1570
44  16  2.2900
44  17  3.8300
44  18  3.4170
44  19  4.5220
44  20  4.7220
44  21  5.5380
44  22  6.1400
44  23  6.1400
44  24  5.0380
44  25  6.2430
44  26  6.8930
44  27  6.4920
44  28  6.9040
44  29  5.6700
44  30  7.2430
44  31  7.8320
44  32  7.4440
44  33  7.8540
44  34  7.8630
44  35  7.5900
44  36  10.2160
44  37  9.3140
44  38  10.4920
44  39  4.0170
44  40  4.1240
44  41  3.7170
44  42  3.0110
44  43  1.5980
44  44  0.0010
44  45  1.0580
44  46  3.0690
44  47  3.4600
44  48  5.4170
44  49  3.9080
44  50  4.5870
44  51  6.5730
44  52  6.1300
44  53  6.2400
44  54  6.8370
44  55  5.4040
44  56  4.9120
44  57  6.1630
44  58  6.3330
44  59  7.2990
44  60  5.7100
44  61  5.8900
44  62  6.6870
44  63  7.4510
44  64  7.2040
44  65  8.0370
44  66  8.1370
44  67  8.6430
44  68  5.9170
44  69  6.0300
44  70  10.3550
44  71  8.8210
44  72  8.2540
44  73  8.0750
44  74  5.8940
44  75  5.5500
44  76  5.9290
44  77  5.0310
44  78  9.2640
44  79  1.7180
44  80  3.1160
45  1  3.2020
45  2  3.0850
45  3  4.0710
45  4  2.5850
45  5  3.4260
45  6  3.5260
45  7  4.5490
45  8  4.3120
45  9  4.0620
45  10  4.2400
45  11  2.6850
45  12  2.5740
45  13  2.5840
45  14  3.2970
45  15  3.2970
45  16  2.4300
45  17  3.9700
45  18  3.5570
45  19  4.6620
45  20  4.8620
45  21  5.6780
45  22  6.2800
45  23  6.2800
45  24  5.1780
45  25  6.3830
45  26  7.0330
45  27  6.6320
45  28  7.0440
45  29  5.8100
45  30  7.3830
45  31  7.9720
45  32  7.5840
45  33  7.9940
45  34  8.0030
45  35  7.5240
45  36  10.3560
45  37  9.4540
45  38  10.6320
45  39  3.9510
45  40  4.0580
45  41  3.6510
45  42  2.9450
45  43  1.5320
45  44  1.0580
45  45  0.0010
45  46  3.0030
45  47  3.3940
45  48  5.3510
45  49  3.8420
45  50  4.5210
45  51  6.5070
45  52  6.0640
45  53  6.1740
45  54  6.7710
45  55  5.3380
45  56  4.8460
45  57  6.0970
45  58  6.2670
45  59  7.2330
45  60  5.6440
45  61  5.8240
45  62  6.6210
45  63  7.3850
45  64  7.1380
45  65  7.9710
45  66  8.0710
45  67  8.5770
45  68  5.8510
45  69  5.9640
45  70  10.4950
45  71  8.9610
45  72  8.3940
45  73  8.2150
45  74  5.8280
45  75  5.4840
45  76  5.8630
45  77  4.9650
45  78  9.4040
45  79  1.8580
45  80  3.2560
46  1  5.0870
46  2  4.9700
46  3  5.9560
46  4  4.4700
46  5  5.3110
46  6  5.4110
46  7  6.4340
46  8  5.9820
46  9  5.7320
46  10  5.9100
46  11  4.5700
46  12  4.4590
46  13  4.4690
46  14  4.9670
46  15  4.9670
46  16  4.3150
46  17  2.7930
46  18  2.7930
46  19  3.5460
46  20  3.7460
46  21  4.5620
46  22  5.1560
46  23  5.1560
46  24  4.0620
46  25  5.2670
46  26  5.9170
46  27  5.5160
46  28  5.9280
46  29  4.6940
46  30  6.2670
46  31  6.8560
46  32  6.4680
46  33  6.8780
46  34  6.8870
46  35  6.3670
46  36  9.2400
46  37  8.3380
46  38  9.5160
46  39  2.3680
46  40  2.4750
46  41  2.0680
46  42  1.3620
46  43  2.5480
46  44  2.9430
46  45  2.8770
46  46  0.0010
46  47  2.8530
46  48  4.8100
46  49  2.6850
46  50  2.9380
46  51  4.9240
46  52  4.4810
46  53  5.3270
46  54  5.6140
46  55  5.1490
46  56  4.6570
46  57  5.9080
46  58  5.7260
46  59  6.5650
46  60  5.4550
46  61  5.6350
46  62  6.4320
46  63  7.1960
46  64  6.9490
46  65  7.7820
46  66  7.8820
46  67  8.3880
46  68  5.6620
46  69  5.7750
46  70  9.3790
46  71  7.8450
46  72  7.2780
46  73  7.0990
46  74  4.6710
46  75  4.3270
46  76  4.7060
46  77  3.8080
46  78  8.2880
46  79  3.7430
46  80  4.0660
47  1  5.6040
47  2  5.4870
47  3  6.4730
47  4  4.9870
47  5  5.8280
47  6  5.9280
47  7  6.9510
47  8  6.7140
47  9  6.4640
47  10  6.6420
47  11  5.0870
47  12  4.9760
47  13  4.9860
47  14  5.6990
47  15  5.6990
47  16  4.8320
47  17  3.8710
47  18  3.8710
47  19  4.6240
47  20  4.8240
47  21  4.8990
47  22  3.9210
47  23  3.9210
47  24  5.0780
47  25  4.9910
47  26  5.6410
47  27  5.2400
47  28  5.3370
47  29  5.1780
47  30  6.4980
47  31  7.0870
47  32  6.6990
47  33  7.1090
47  34  6.1200
47  35  4.3500
47  36  8.4580
47  37  8.4870
47  38  9.6650
47  39  3.4460
47  40  3.5530
47  41  3.1460
47  42  1.8890
47  43  3.6230
47  44  3.4600
47  45  3.3940
47  46  2.8530
47  47  0.0010
47  48  2.1770
47  49  0.6680
47  50  2.4760
47  51  3.6890
47  52  3.2460
47  53  3.0000
47  54  3.5970
47  55  2.9800
47  56  2.4880
47  57  3.7390
47  58  3.3990
47  59  4.2380
47  60  3.2860
47  61  3.4660
47  62  4.2630
47  63  5.0270
47  64  4.7800
47  65  5.6130
47  66  5.7130
47  67  6.2190
47  68  3.4930
47  69  3.6060
47  70  9.5280
47  71  7.9940
47  72  7.4270
47  73  7.0860
47  74  2.6540
47  75  2.3100
47  76  2.6890
47  77  1.7910
47  78  8.4370
47  79  4.2600
47  80  5.1440
48  1  7.5610
48  2  7.4440
48  3  8.4300
48  4  6.9440
48  5  7.7850
48  6  7.8850
48  7  8.9080
48  8  8.4180
48  9  8.1680
48  10  8.1850
48  11  7.0440
48  12  6.9330
48  13  6.9430
48  14  7.4030
48  15  7.4030
48  16  6.7890
48  17  5.2290
48  18  5.2290
48  19  5.7880
48  20  5.4720
48  21  4.9460
48  22  3.9680
48  23  3.9680
48  24  5.1250
48  25  5.0380
48  26  5.3980
48  27  5.0190
48  28  4.5870
48  29  5.2250
48  30  5.7480
48  31  6.3370
48  32  5.9490
48  33  6.3590
48  34  5.3700
48  35  3.6000
48  36  8.1430
48  37  7.7370
48  38  8.9150
48  39  4.6120
48  40  4.9110
48  41  4.5040
48  42  3.8460
48  43  5.5800
48  44  5.4170
48  45  5.3510
48  46  4.8100
48  47  2.1770
48  48  0.0010
48  49  2.6250
48  50  2.6920
48  51  3.4170
48  52  2.6270
48  53  1.0210
48  54  3.2820
48  55  2.9800
48  56  3.2960
48  57  1.7920
48  58  1.4200
48  59  2.2590
48  60  4.7920
48  61  4.9720
48  62  5.7690
48  63  5.8690
48  64  6.2860
48  65  5.9440
48  66  4.7480
48  67  5.3380
48  68  4.9990
48  69  5.1120
48  70  8.7780
48  71  7.2440
48  72  6.6770
48  73  6.3360
48  74  2.3390
48  75  1.1990
48  76  1.5780
48  77  1.8380
48  78  7.6870
48  79  6.2170
48  80  6.3080
49  1  5.7170
49  2  5.6000
49  3  6.5860
49  4  5.1000
49  5  5.9410
49  6  6.0410
49  7  6.3880
49  8  5.4830
49  9  5.2330
49  10  5.4110
49  11  5.2000
49  12  4.5560
49  13  4.5660
49  14  4.4680
49  15  4.4680
49  16  4.0150
49  17  2.2940
49  18  2.2940
49  19  3.0470
49  20  3.2470
49  21  4.0630
49  22  3.1170
49  23  3.1170
49  24  3.5630
49  25  4.1870
49  26  4.8370
49  27  4.4360
49  28  5.1690
49  29  4.1950
49  30  5.7680
49  31  6.3570
49  32  5.9690
49  33  6.3790
49  34  5.9520
49  35  4.1820
49  36  8.2900
49  37  7.8390
49  38  9.0170
49  39  1.8690
49  40  1.9760
49  41  1.5690
49  42  1.7210
49  43  3.8130
49  44  3.9080
49  45  3.8420
49  46  2.6850
49  47  0.6680
49  48  2.6250
49  49  0.0010
49  50  0.8990
49  51  2.8850
49  52  2.4420
49  53  3.1420
49  54  3.4290
49  55  3.4280
49  56  2.9360
49  57  3.9130
49  58  3.5410
49  59  4.3800
49  60  3.7340
49  61  3.9140
49  62  4.7110
49  63  5.4750
49  64  5.2280
49  65  6.0610
49  66  6.1610
49  67  6.6670
49  68  3.9410
49  69  4.0540
49  70  8.8800
49  71  7.3460
49  72  6.7790
49  73  6.6000
49  74  2.4860
49  75  2.1420
49  76  2.5210
49  77  1.6230
49  78  7.7890
49  79  4.7080
49  80  3.5670
50  1  5.6160
50  2  5.4990
50  3  6.4850
50  4  4.9990
50  5  5.8400
50  6  5.9400
50  7  6.2870
50  8  5.3820
50  9  5.1320
50  10  5.3100
50  11  5.0990
50  12  4.4550
50  13  4.4650
50  14  4.3670
50  15  4.3670
50  16  3.9140
50  17  2.1930
50  18  2.1930
50  19  2.9460
50  20  3.1460
50  21  2.8520
50  22  1.8740
50  23  1.8740
50  24  3.0310
50  25  2.9440
50  26  3.5940
50  27  3.1930
50  28  4.2250
50  29  3.1310
50  30  4.7040
50  31  5.2930
50  32  4.9050
50  33  5.3150
50  34  5.1840
50  35  3.9310
50  36  7.6770
50  37  6.7750
50  38  7.9530
50  39  1.7680
50  40  1.8750
50  41  1.4680
50  42  2.8800
50  43  4.0660
50  44  4.4610
50  45  4.3950
50  46  2.9380
50  47  2.4760
50  48  2.6920
50  49  0.8990
50  50  0.0010
50  51  1.6420
50  52  1.1990
50  53  2.8910
50  54  3.1780
50  55  4.8500
50  56  4.7440
50  57  3.6620
50  58  3.2900
50  59  4.1290
50  60  5.5420
50  61  5.7220
50  62  6.5190
50  63  7.2830
50  64  7.0360
50  65  7.6520
50  66  6.4560
50  67  7.0460
50  68  5.7490
50  69  5.8620
50  70  7.8160
50  71  6.2820
50  72  5.7150
50  73  5.5360
50  74  2.2350
50  75  1.8910
50  76  2.2700
50  77  1.1740
50  78  6.7250
50  79  5.2610
50  80  3.4660
51  1  6.9290
51  2  6.8120
51  3  7.7980
51  4  6.3120
51  5  7.1530
51  6  7.2530
51  7  7.1730
51  8  6.2680
51  9  6.0180
51  10  5.8490
51  11  6.4120
51  12  5.7680
51  13  5.5540
51  14  5.2530
51  15  5.2530
51  16  5.2270
51  17  3.8030
51  18  3.8030
51  19  3.4520
51  20  3.1360
51  21  2.6100
51  22  1.6320
51  23  1.6320
51  24  2.7890
51  25  2.6800
51  26  2.7100
51  27  2.3310
51  28  1.8990
51  29  2.8890
51  30  3.0600
51  31  3.6490
51  32  3.2610
51  33  3.6710
51  34  2.8580
51  35  1.8320
51  36  6.0330
51  37  5.1310
51  38  6.3090
51  39  2.2760
51  40  3.8610
51  41  3.4540
51  42  4.7420
51  43  6.0520
51  44  6.4470
51  45  6.3810
51  46  4.9240
51  47  3.6890
51  48  3.4170
51  49  2.8850
51  50  1.6420
51  51  0.0010
51  52  1.2100
51  53  3.6160
51  54  2.5190
51  55  5.5720
51  56  5.8880
51  57  4.3870
51  58  4.0150
51  59  4.4970
51  60  6.7550
51  61  6.9350
51  62  6.6520
51  63  6.5010
51  64  7.1310
51  65  6.5760
51  66  5.3800
51  67  5.9700
51  68  6.9620
51  69  7.0750
51  70  6.1720
51  71  4.6380
51  72  4.0710
51  73  3.8240
51  74  3.2620
51  75  2.6160
51  76  2.2370
51  77  2.2180
51  78  5.0810
51  79  6.5740
51  80  3.9720
52  1  7.1590
52  2  7.0420
52  3  8.0280
52  4  6.5420
52  5  7.3830
52  6  7.4830
52  7  7.8300
52  8  6.9250
52  9  6.6750
52  10  6.6920
52  11  6.6420
52  12  5.9980
52  13  6.0080
52  14  5.9100
52  15  5.9100
52  16  5.4570
52  17  3.7360
52  18  3.7360
52  19  4.2950
52  20  3.9790
52  21  3.4530
52  22  2.4750
52  23  2.4750
52  24  3.5140
52  25  3.1610
52  26  3.1910
52  27  2.8120
52  28  2.3800
52  29  3.6140
52  30  3.5410
52  31  4.1300
52  32  3.7420
52  33  4.1520
52  34  3.1630
52  35  1.3930
52  36  6.4320
52  37  5.5300
52  38  6.7080
52  39  3.1190
52  40  3.4180
52  41  3.0110
52  42  4.2990
52  43  5.6090
52  44  6.0040
52  45  5.9380
52  46  4.4810
52  47  3.2460
52  48  2.6270
52  49  2.4420
52  50  1.1990
52  51  1.2100
52  52  0.0010
52  53  2.8260
52  54  2.0800
52  55  4.7850
52  56  5.1010
52  57  3.5970
52  58  3.2250
52  59  4.0580
52  60  6.3120
52  61  6.4920
52  62  6.2130
52  63  6.0620
52  64  6.6920
52  65  6.1370
52  66  4.9410
52  67  5.5310
52  68  6.5190
52  69  6.6320
52  70  6.5710
52  71  5.0370
52  72  4.4700
52  73  4.1290
52  74  2.8230
52  75  1.8260
52  76  1.4470
52  77  1.7750
52  78  5.4800
52  79  6.8040
52  80  4.8150
53  1  8.3840
53  2  8.2670
53  3  9.2530
53  4  7.7670
53  5  8.6080
53  6  8.7080
53  7  9.5220
53  8  8.6170
53  9  8.3670
53  10  8.3840
53  11  7.8670
53  12  7.6900
53  13  7.7000
53  14  7.6020
53  15  7.6020
53  16  7.1490
53  17  5.4280
53  18  5.4280
53  19  5.9870
53  20  5.6710
53  21  5.1450
53  22  4.1670
53  23  4.1670
53  24  5.3240
53  25  5.2370
53  26  5.5970
53  27  5.2180
53  28  4.7860
53  29  5.4240
53  30  5.9470
53  31  6.5360
53  32  6.1480
53  33  6.5580
53  34  5.5690
53  35  3.7990
53  36  8.3420
53  37  7.9360
53  38  9.1140
53  39  4.8110
53  40  5.1100
53  41  4.7030
53  42  4.3630
53  43  6.4030
53  44  6.2400
53  45  6.1740
53  46  5.3270
53  47  3.0000
53  48  1.0210
53  49  3.1420
53  50  2.8910
53  51  3.6160
53  52  2.8260
53  53  0.0010
53  54  3.4810
53  55  3.1790
53  56  3.4950
53  57  1.9910
53  58  1.6190
53  59  2.4580
53  60  4.9910
53  61  5.1710
53  62  5.9680
53  63  6.0680
53  64  6.4850
53  65  6.1430
53  66  4.9470
53  67  5.5370
53  68  5.1980
53  69  5.3110
53  70  8.9770
53  71  7.4430
53  72  6.8760
53  73  6.5350
53  74  2.5380
53  75  1.3980
53  76  1.7770
53  77  2.0370
53  78  7.8860
53  79  7.0400
53  80  6.5070
54  1  8.3990
54  2  8.2820
54  3  9.2680
54  4  7.7820
54  5  8.6230
54  6  8.7230
54  7  8.6430
54  8  7.7380
54  9  7.4880
54  10  7.3190
54  11  7.8820
54  12  7.2380
54  13  7.0240
54  14  6.7230
54  15  6.7230
54  16  6.6970
54  17  5.2730
54  18  5.2730
54  19  4.9220
54  20  4.6060
54  21  3.9130
54  22  3.9130
54  23  4.4540
54  24  3.4720
54  25  3.1190
54  26  3.1490
54  27  2.7700
54  28  2.3380
54  29  3.5720
54  30  3.4990
54  31  4.0880
54  32  3.7000
54  33  4.1100
54  34  3.1210
54  35  1.3510
54  36  5.4590
54  37  5.4880
54  38  6.6660
54  39  5.0980
54  40  5.3970
54  41  4.9900
54  42  4.6500
54  43  6.7420
54  44  6.8370
54  45  6.7710
54  46  5.6140
54  47  3.5970
54  48  3.2820
54  49  3.4290
54  50  3.1780
54  51  2.5190
54  52  2.0800
54  53  3.4810
54  54  0.0010
54  55  4.0680
54  56  4.3840
54  57  3.1390
54  58  3.3090
54  59  2.9930
54  60  5.8800
54  61  6.0600
54  62  5.1480
54  63  4.9970
54  64  5.6270
54  65  5.0720
54  66  3.8760
54  67  4.4660
54  68  6.0870
54  69  6.1240
54  70  6.5290
54  71  4.9950
54  72  4.4280
54  73  4.0870
54  74  1.3410
54  75  2.4810
54  76  2.8600
54  77  2.3240
54  78  5.4380
54  79  7.6370
54  80  5.4420
55  1  7.5480
55  2  7.4310
55  3  8.4170
55  4  6.9310
55  5  7.7720
55  6  7.8720
55  7  8.8950
55  8  8.6580
55  9  8.4080
55  10  8.5860
55  11  7.0310
55  12  6.9200
55  13  6.9300
55  14  7.6430
55  15  7.6430
55  16  6.7760
55  17  6.6310
55  18  6.6310
55  19  7.3840
55  20  7.5840
55  21  6.9660
55  22  6.1170
55  23  6.1170
55  24  6.5250
55  25  6.1720
55  26  6.2020
55  27  5.8230
55  28  5.3910
55  29  6.6250
55  30  6.5520
55  31  7.1410
55  32  6.7530
55  33  7.1630
55  34  6.1740
55  35  4.4040
55  36  8.1150
55  37  8.5410
55  38  9.7190
55  39  6.2060
55  40  6.3130
55  41  5.9060
55  42  4.6230
55  43  5.5670
55  44  5.4040
55  45  5.3380
55  46  5.5500
55  47  2.9800
55  48  2.9710
55  49  3.4280
55  50  4.8410
55  51  5.5660
55  52  4.7760
55  53  3.1700
55  54  4.0680
55  55  0.0010
55  56  0.9140
55  57  2.1710
55  58  2.3410
55  59  3.3070
55  60  3.2240
55  61  3.4040
55  62  4.2010
55  63  4.9650
55  64  4.7180
55  65  5.5510
55  66  4.5640
55  67  5.1540
55  68  3.4310
55  69  3.5440
55  70  9.2190
55  71  8.0480
55  72  7.4810
55  73  7.1400
55  74  4.4880
55  75  3.3480
55  76  3.7270
55  77  3.9870
55  78  8.4910
55  79  6.2040
55  80  7.6020
56  1  7.0560
56  2  6.9390
56  3  7.9250
56  4  6.4390
56  5  7.2800
56  6  7.3800
56  7  8.4030
56  8  8.1660
56  9  7.9160
56  10  8.0940
56  11  6.5390
56  12  6.4280
56  13  6.4380
56  14  7.1510
56  15  7.1510
56  16  6.2840
56  17  6.1390
56  18  6.1390
56  19  6.8920
56  20  7.0920
56  21  7.1670
56  22  6.1890
56  23  6.1890
56  24  6.8410
56  25  6.4880
56  26  6.5180
56  27  6.1390
56  28  5.7070
56  29  6.9410
56  30  6.8680
56  31  7.4570
56  32  7.0690
56  33  7.4790
56  34  6.4900
56  35  4.7200
56  36  8.4310
56  37  8.8570
56  38  10.0350
56  39  5.7140
56  40  5.8210
56  41  5.4140
56  42  4.1310
56  43  5.0750
56  44  4.9120
56  45  4.8460
56  46  5.0580
56  47  2.4880
56  48  3.2870
56  49  2.9360
56  50  4.7440
56  51  5.8820
56  52  5.0920
56  53  3.4860
56  54  4.3840
56  55  0.9140
56  56  0.0010
56  57  2.4870
56  58  2.6570
56  59  3.6230
56  60  2.7320
56  61  2.9120
56  62  3.7090
56  63  4.4730
56  64  4.2260
56  65  5.0590
56  66  4.8800
56  67  5.4700
56  68  2.9390
56  69  3.0520
56  70  9.5350
56  71  8.3640
56  72  7.7970
56  73  7.4560
56  74  4.8040
56  75  3.6640
56  76  4.0430
56  77  4.0590
56  78  8.8070
56  79  5.7120
56  80  7.1100
57  1  8.3070
57  2  8.1900
57  3  9.1760
57  4  7.6900
57  5  8.5310
57  6  8.6310
57  7  9.6540
57  8  9.3880
57  9  9.1380
57  10  9.1550
57  11  7.7900
57  12  7.6790
57  13  7.6890
57  14  8.3730
57  15  8.3730
57  16  7.5350
57  17  6.1990
57  18  6.1990
57  19  6.7580
57  20  6.4420
57  21  5.9160
57  22  4.9380
57  23  4.9380
57  24  5.5960
57  25  5.2430
57  26  5.2730
57  27  4.8940
57  28  4.4620
57  29  5.6960
57  30  5.6230
57  31  6.2120
57  32  5.8240
57  33  6.2340
57  34  5.2450
57  35  3.4750
57  36  7.1860
57  37  7.6120
57  38  8.7900
57  39  5.5820
57  40  5.8810
57  41  5.4740
57  42  5.1340
57  43  6.3260
57  44  6.1630
57  45  6.0970
57  46  6.0980
57  47  3.7390
57  48  1.7920
57  49  3.9130
57  50  3.6620
57  51  4.3870
57  52  3.5970
57  53  1.9910
57  54  3.1390
57  55  2.1710
57  56  2.4870
57  57  0.0010
57  58  0.6700
57  59  1.8710
57  60  3.9830
57  61  4.1630
57  62  4.9070
57  63  4.7560
57  64  5.3860
57  65  4.8310
57  66  3.6350
57  67  4.2250
57  68  4.1900
57  69  4.3030
57  70  8.2900
57  71  7.1190
57  72  6.5520
57  73  6.2110
57  74  3.3090
57  75  2.1690
57  76  2.5480
57  77  2.8080
57  78  7.5620
57  79  6.9630
57  80  7.2780
58  1  8.4770
58  2  8.3600
58  3  9.3460
58  4  7.8600
58  5  8.7010
58  6  8.8010
58  7  9.8240
58  8  9.0160
58  9  8.7660
58  10  8.7830
58  11  7.9600
58  12  7.8490
58  13  7.8590
58  14  8.0010
58  15  8.0010
58  16  7.5480
58  17  5.8270
58  18  5.8270
58  19  6.3860
58  20  6.0700
58  21  5.5440
58  22  4.5660
58  23  4.5660
58  24  5.7230
58  25  5.4130
58  26  5.4430
58  27  5.0640
58  28  4.6320
58  29  5.8230
58  30  5.7930
58  31  6.3820
58  32  5.9940
58  33  6.4040
58  34  5.4150
58  35  3.6450
58  36  7.3560
58  37  7.7820
58  38  8.9600
58  39  5.2100
58  40  5.5090
58  41  5.1020
58  42  4.7620
58  43  6.4960
58  44  6.3330
58  45  6.2670
58  46  5.7260
58  47  3.3990
58  48  1.4200
58  49  3.5410
58  50  3.2900
58  51  4.0150
58  52  3.2250
58  53  1.6190
58  54  3.3090
58  55  2.3410
58  56  2.6570
58  57  0.6700
58  58  0.0010
58  59  1.4990
58  60  4.1530
58  61  4.3330
58  62  5.0770
58  63  4.9260
58  64  5.5560
58  65  5.0010
58  66  3.8050
58  67  4.3950
58  68  4.3600
58  69  4.4730
58  70  8.4600
58  71  7.2890
58  72  6.7220
58  73  6.3810
58  74  2.9370
58  75  1.7970
58  76  2.1760
58  77  2.4360
58  78  7.7320
58  79  7.1330
58  80  6.9060
59  1  9.4430
59  2  9.3260
59  3  10.3120
59  4  8.8260
59  5  9.6670
59  6  9.7670
59  7  10.6210
59  8  9.7160
59  9  9.4660
59  10  9.2970
59  11  8.9260
59  12  8.8150
59  13  8.8250
59  14  8.7010
59  15  8.7010
59  16  8.3870
59  17  6.6660
59  18  6.6660
59  19  6.9000
59  20  6.5840
59  21  5.8910
59  22  5.4050
59  23  5.4050
59  24  5.4500
59  25  5.0970
59  26  5.1270
59  27  4.7480
59  28  4.3160
59  29  5.5500
59  30  5.4770
59  31  6.0660
59  32  5.6780
59  33  6.0880
59  34  5.0990
59  35  3.3290
59  36  7.0400
59  37  7.4660
59  38  8.6440
59  39  6.0490
59  40  6.3480
59  41  5.9410
59  42  5.6010
59  43  7.4620
59  44  7.2990
59  45  7.2330
59  46  6.5650
59  47  4.2380
59  48  2.2590
59  49  4.3800
59  50  4.1290
59  51  4.4970
59  52  4.0580
59  53  2.4580
59  54  2.9930
59  55  3.3070
59  56  3.6230
59  57  1.8710
59  58  1.4990
59  59  0.0010
59  60  5.1190
59  61  5.2990
59  62  4.7610
59  63  4.6100
59  64  5.2400
59  65  4.6850
59  66  3.4890
59  67  4.0790
59  68  5.3260
59  69  5.4390
59  70  8.1440
59  71  6.9730
59  72  6.4060
59  73  6.0650
59  74  3.7360
59  75  2.6360
59  76  3.0150
59  77  3.2750
59  78  7.4160
59  79  8.0990
59  80  7.4200
60  1  7.8540
60  2  7.7370
60  3  8.7230
60  4  7.2370
60  5  8.0780
60  6  8.1780
60  7  9.2010
60  8  8.9640
60  9  8.7140
60  10  8.8920
60  11  7.3370
60  12  7.2260
60  13  7.2360
60  14  7.9490
60  15  7.9490
60  16  7.0820
60  17  6.9370
60  18  6.9370
60  19  7.6900
60  20  7.8900
60  21  7.9650
60  22  6.9870
60  23  6.9870
60  24  8.1440
60  25  7.9840
60  26  8.0140
60  27  7.6350
60  28  7.2030
60  29  8.2440
60  30  8.3640
60  31  8.9530
60  32  8.5650
60  33  8.9750
60  34  7.9860
60  35  6.2160
60  36  9.9270
60  37  10.3530
60  38  11.5310
60  39  6.5120
60  40  6.6190
60  41  6.2120
60  42  4.9290
60  43  5.8730
60  44  5.7100
60  45  5.6440
60  46  5.8560
60  47  3.2860
60  48  4.7830
60  49  3.7340
60  50  5.5420
60  51  6.7550
60  52  6.3120
60  53  4.9820
60  54  5.8800
60  55  3.2240
60  56  2.7320
60  57  3.9830
60  58  4.1530
60  59  5.1190
60  60  0.0010
60  61  0.4400
60  62  1.4640
60  63  2.0010
60  64  1.7540
60  65  2.8140
60  66  2.9140
60  67  3.4200
60  68  1.0470
60  69  0.5800
60  70  11.0310
60  71  9.8600
60  72  9.2930
60  73  8.9520
60  74  5.7200
60  75  5.1600
60  76  5.5390
60  77  4.8570
60  78  10.3030
60  79  6.5100
60  80  7.9080
61  1  8.0340
61  2  7.9170
61  3  8.9030
61  4  7.4170
61  5  8.2580
61  6  8.3580
61  7  9.3810
61  8  9.1440
61  9  8.8940
61  10  9.0720
61  11  7.5170
61  12  7.4060
61  13  7.4160
61  14  8.1290
61  15  8.1290
61  16  7.2620
61  17  7.1170
61  18  7.1170
61  19  7.8700
61  20  8.0700
61  21  8.1450
61  22  7.1670
61  23  7.1670
61  24  8.3240
61  25  8.1640
61  26  8.1940
61  27  7.8150
61  28  7.3830
61  29  8.4240
61  30  8.5440
61  31  9.1330
61  32  8.7450
61  33  9.1550
61  34  8.1660
61  35  6.3960
61  36  10.1070
61  37  10.5330
61  38  11.7110
61  39  6.6920
61  40  6.7990
61  41  6.3920
61  42  5.1090
61  43  6.0530
61  44  5.8900
61  45  5.8240
61  46  6.0360
61  47  3.4660
61  48  4.9630
61  49  3.9140
61  50  5.7220
61  51  6.9350
61  52  6.4920
61  53  5.1620
61  54  6.0600
61  55  3.4040
61  56  2.9120
61  57  4.1630
61  58  4.3330
61  59  5.2990
61  60  0.4400
61  61  0.0010
61  62  1.6440
61  63  2.1810
61  64  1.9340
61  65  2.9940
61  66  3.0940
61  67  3.6000
61  68  1.2270
61  69  0.7600
61  70  11.2110
61  71  10.0400
61  72  9.4730
61  73  9.1320
61  74  5.9000
61  75  5.3400
61  76  5.7190
61  77  5.0370
61  78  10.4830
61  79  6.6900
61  80  8.0880
62  1  8.8310
62  2  8.7140
62  3  9.7000
62  4  8.2140
62  5  9.0550
62  6  9.1550
62  7  10.1780
62  8  9.9410
62  9  9.6910
62  10  9.8690
62  11  8.3140
62  12  8.2030
62  13  8.2130
62  14  8.9260
62  15  8.9260
62  16  8.0590
62  17  7.9140
62  18  7.9140
62  19  8.6670
62  20  8.7390
62  21  8.0460
62  22  7.9640
62  23  7.9640
62  24  7.6050
62  25  7.2520
62  26  7.2820
62  27  6.9030
62  28  6.4710
62  29  7.7050
62  30  7.6320
62  31  8.2210
62  32  7.8330
62  33  8.2430
62  34  7.2540
62  35  5.4840
62  36  9.0670
62  37  9.6210
62  38  10.7990
62  39  7.4890
62  40  7.5960
62  41  7.1890
62  42  5.9060
62  43  6.8500
62  44  6.6870
62  45  6.6210
62  46  6.8330
62  47  4.2630
62  48  5.7600
62  49  4.7110
62  50  6.5190
62  51  6.6520
62  52  6.2130
62  53  5.9590
62  54  5.1480
62  55  4.2010
62  56  3.7090
62  57  4.9070
62  58  5.0770
62  59  4.7610
62  60  1.4640
62  61  1.6440
62  62  0.0010
62  63  1.5220
62  64  1.6340
62  65  1.8760
62  66  1.9760
62  67  2.4820
62  68  1.3550
62  69  1.5640
62  70  10.1710
62  71  9.1280
62  72  8.5610
62  73  8.2200
62  74  5.8910
62  75  6.1370
62  76  6.5160
62  77  5.8340
62  78  9.5710
62  79  7.4870
62  80  8.8850
63  1  9.5950
63  2  9.4780
63  3  10.4640
63  4  8.9780
63  5  9.8190
63  6  9.9190
63  7  10.9420
63  8  10.7050
63  9  10.4550
63  10  10.6330
63  11  9.0780
63  12  8.9670
63  13  8.9770
63  14  9.6900
63  15  9.6900
63  16  8.8230
63  17  8.6780
63  18  8.6780
63  19  8.9040
63  20  8.5880
63  21  7.8950
63  22  7.8950
63  23  8.7280
63  24  7.4540
63  25  7.1010
63  26  7.1310
63  27  6.7520
63  28  6.3200
63  29  7.5540
63  30  7.4810
63  31  8.0700
63  32  7.6820
63  33  8.0920
63  34  7.1030
63  35  5.3330
63  36  8.9160
63  37  9.4700
63  38  10.6480
63  39  8.2530
63  40  8.3600
63  41  7.9530
63  42  6.6700
63  43  7.6140
63  44  7.4510
63  45  7.3850
63  46  7.5970
63  47  5.0270
63  48  5.8690
63  49  5.4750
63  50  7.2830
63  51  6.5010
63  52  6.0620
63  53  6.0680
63  54  4.9970
63  55  4.9650
63  56  4.4730
63  57  4.7560
63  58  4.9260
63  59  4.6100
63  60  2.0010
63  61  2.1810
63  62  1.5220
63  63  0.0010
63  64  1.1300
63  65  2.0300
63  66  2.1300
63  67  2.3310
63  68  2.4360
63  69  2.0050
63  70  10.0200
63  71  8.9770
63  72  8.4100
63  73  8.0690
63  74  5.7400
63  75  6.2460
63  76  6.6250
63  77  6.5980
63  78  9.4200
63  79  8.2510
63  80  9.4240
64  1  9.3480
64  2  9.2310
64  3  10.2170
64  4  8.7310
64  5  9.5720
64  6  9.6720
64  7  10.6950
64  8  10.4580
64  9  10.2080
64  10  10.3860
64  11  8.8310
64  12  8.7200
64  13  8.7300
64  14  9.4430
64  15  9.4430
64  16  8.5760
64  17  8.4310
64  18  8.4310
64  19  9.1840
64  20  9.2180
64  21  8.5250
64  22  8.4810
64  23  8.4810
64  24  8.0840
64  25  7.7310
64  26  7.7610
64  27  7.3820
64  28  6.9500
64  29  8.1840
64  30  8.1110
64  31  8.7000
64  32  8.3120
64  33  8.7220
64  34  7.7330
64  35  5.9630
64  36  9.5460
64  37  10.1000
64  38  11.2780
64  39  8.0060
64  40  8.1130
64  41  7.7060
64  42  6.4230
64  43  7.3670
64  44  7.2040
64  45  7.1380
64  46  7.3500
64  47  4.7800
64  48  6.2770
64  49  5.2280
64  50  7.0360
64  51  7.1310
64  52  6.6920
64  53  6.4760
64  54  5.6270
64  55  4.7180
64  56  4.2260
64  57  5.3860
64  58  5.5560
64  59  5.2400
64  60  1.7540
64  61  1.9340
64  62  1.6340
64  63  1.1300
64  64  0.0010
64  65  2.6600
64  66  2.7600
64  67  2.9610
64  68  2.1890
64  69  1.7580
64  70  10.6500
64  71  9.6070
64  72  9.0400
64  73  8.6990
64  74  6.3700
64  75  6.6540
64  76  7.0330
64  77  6.3510
64  78  10.0500
64  79  8.0040
64  80  9.4020
65  1  10.1810
65  2  10.0640
65  3  11.0500
65  4  9.5640
65  5  10.4050
65  6  10.5050
65  7  11.5280
65  8  11.2910
65  9  11.0410
65  10  11.2190
65  11  9.6640
65  12  9.5530
65  13  9.5630
65  14  10.2760
65  15  10.2760
65  16  9.4090
65  17  9.2640
65  18  9.2640
65  19  8.9790
65  20  8.6630
65  21  7.9700
65  22  7.9700
65  23  8.9280
65  24  7.5290
65  25  7.1760
65  26  7.2060
65  27  6.8270
65  28  6.3950
65  29  7.6290
65  30  7.5560
65  31  8.1450
65  32  7.7570
65  33  8.1670
65  34  7.1780
65  35  5.4080
65  36  8.9910
65  37  9.5450
65  38  10.7230
65  39  8.8390
65  40  8.9460
65  41  8.5390
65  42  7.2560
65  43  8.2000
65  44  8.0370
65  45  7.9710
65  46  8.1830
65  47  5.6130
65  48  5.9440
65  49  6.0610
65  50  7.6520
65  51  6.5760
65  52  6.1370
65  53  6.1430
65  54  5.0720
65  55  5.5510
65  56  5.0590
65  57  4.8310
65  58  5.0010
65  59  4.6850
65  60  2.8140
65  61  2.9940
65  62  1.8760
65  63  2.0300
65  64  2.6600
65  65  0.0010
65  66  1.9000
65  67  2.4060
65  68  2.9930
65  69  2.8520
65  70  10.0950
65  71  9.0520
65  72  8.4850
65  73  8.1440
65  74  5.8150
65  75  6.3210
65  76  6.7000
65  77  6.7980
65  78  9.4950
65  79  8.8370
65  80  9.4990
66  1  10.2810
66  2  10.1640
66  3  11.1500
66  4  9.6640
66  5  10.5050
66  6  10.6050
66  7  11.5040
66  8  10.5990
66  9  10.3490
66  10  10.1800
66  11  9.7640
66  12  9.6530
66  13  9.6630
66  14  9.5840
66  15  9.5840
66  16  9.5090
66  17  8.1340
66  18  8.1340
66  19  7.7830
66  20  7.4670
66  21  6.7740
66  22  6.7740
66  23  7.7320
66  24  6.3330
66  25  5.9800
66  26  6.0100
66  27  5.6310
66  28  5.1990
66  29  6.4330
66  30  6.3600
66  31  6.9490
66  32  6.5610
66  33  6.9710
66  34  5.9820
66  35  4.2120
66  36  7.7950
66  37  8.3490
66  38  9.5270
66  39  8.3760
66  40  8.6750
66  41  8.2680
66  42  7.3560
66  43  8.3000
66  44  8.1370
66  45  8.0710
66  46  8.2830
66  47  5.7130
66  48  4.7480
66  49  6.1610
66  50  6.4560
66  51  5.3800
66  52  4.9410
66  53  4.9470
66  54  3.8760
66  55  4.5640
66  56  4.8800
66  57  3.6350
66  58  3.8050
66  59  3.4890
66  60  2.9140
66  61  3.0940
66  62  1.9760
66  63  2.1300
66  64  2.7600
66  65  1.9000
66  66  0.0010
66  67  1.9900
66  68  3.0930
66  69  2.9520
66  70  8.8990
66  71  7.8560
66  72  7.2890
66  73  6.9480
66  74  4.6190
66  75  5.1250
66  76  5.5040
66  77  5.6020
66  78  8.2990
66  79  8.9370
66  80  8.3030
67  1  10.7870
67  2  10.6700
67  3  11.6560
67  4  10.1700
67  5  11.0110
67  6  11.1110
67  7  12.0940
67  8  11.1890
67  9  10.9390
67  10  10.7700
67  11  10.2700
67  12  10.1590
67  13  10.1690
67  14  10.1740
67  15  10.1740
67  16  10.0150
67  17  8.7240
67  18  8.7240
67  19  8.3730
67  20  8.0570
67  21  7.3640
67  22  7.3640
67  23  8.3220
67  24  6.9230
67  25  6.5700
67  26  6.6000
67  27  6.2210
67  28  5.7890
67  29  7.0230
67  30  6.9500
67  31  7.5390
67  32  7.1510
67  33  7.5610
67  34  6.5720
67  35  4.8020
67  36  8.3850
67  37  8.9390
67  38  10.1170
67  39  8.9660
67  40  9.2650
67  41  8.8580
67  42  7.8620
67  43  8.8060
67  44  8.6430
67  45  8.5770
67  46  8.7890
67  47  6.2190
67  48  5.3380
67  49  6.6670
67  50  7.0460
67  51  5.9700
67  52  5.5310
67  53  5.5370
67  54  4.4660
67  55  5.1540
67  56  5.4700
67  57  4.2250
67  58  4.3950
67  59  4.0790
67  60  3.4200
67  61  3.6000
67  62  2.4820
67  63  2.3310
67  64  2.9610
67  65  2.4060
67  66  1.9900
67  67  0.0010
67  68  3.5990
67  69  3.4580
67  70  9.4890
67  71  8.4460
67  72  7.8790
67  73  7.5380
67  74  5.2090
67  75  5.7150
67  76  6.0940
67  77  6.1920
67  78  8.8890
67  79  9.4430
67  80  8.8930
68  1  8.0610
68  2  7.9440
68  3  8.9300
68  4  7.4440
68  5  8.2850
68  6  8.3850
68  7  9.4080
68  8  9.1710
68  9  8.9210
68  10  9.0990
68  11  7.5440
68  12  7.4330
68  13  7.4430
68  14  8.1560
68  15  8.1560
68  16  7.2890
68  17  7.1440
68  18  7.1440
68  19  7.8970
68  20  8.0970
68  21  8.1720
68  22  7.1940
68  23  7.1940
68  24  8.3510
68  25  8.1910
68  26  8.2210
68  27  7.8420
68  28  7.4100
68  29  8.4510
68  30  8.5710
68  31  9.1600
68  32  8.7720
68  33  9.1820
68  34  8.1930
68  35  6.4230
68  36  10.1340
68  37  10.5600
68  38  11.7380
68  39  6.7190
68  40  6.8260
68  41  6.4190
68  42  5.1360
68  43  6.0800
68  44  5.9170
68  45  5.8510
68  46  6.0630
68  47  3.4930
68  48  4.9900
68  49  3.9410
68  50  5.7490
68  51  6.9620
68  52  6.5190
68  53  5.1890
68  54  6.0870
68  55  3.4310
68  56  2.9390
68  57  4.1900
68  58  4.3600
68  59  5.3260
68  60  1.0470
68  61  1.2270
68  62  1.3550
68  63  2.4360
68  64  2.1890
68  65  2.9930
68  66  3.0930
68  67  3.5990
68  68  0.0010
68  69  1.3670
68  70  11.2380
68  71  10.0670
68  72  9.5000
68  73  9.1590
68  74  5.9270
68  75  5.3670
68  76  5.7460
68  77  5.0640
68  78  10.5100
68  79  6.7170
68  80  8.1150
69  1  8.1740
69  2  8.0570
69  3  9.0430
69  4  7.5570
69  5  8.3980
69  6  8.4980
69  7  9.5210
69  8  9.2840
69  9  9.0340
69  10  9.2120
69  11  7.6570
69  12  7.5460
69  13  7.5560
69  14  8.2690
69  15  8.2690
69  16  7.4020
69  17  7.2570
69  18  7.2570
69  19  8.0100
69  20  8.2100
69  21  8.2850
69  22  7.3070
69  23  7.3070
69  24  8.4640
69  25  8.2280
69  26  8.2580
69  27  7.8790
69  28  7.4470
69  29  8.5640
69  30  8.6080
69  31  9.1970
69  32  8.8090
69  33  9.2190
69  34  8.2300
69  35  6.4600
69  36  10.0430
69  37  10.5970
69  38  11.7750
69  39  6.8320
69  40  6.9390
69  41  6.5320
69  42  5.2490
69  43  6.1930
69  44  6.0300
69  45  5.9640
69  46  6.1760
69  47  3.6060
69  48  5.1030
69  49  4.0540
69  50  5.8620
69  51  7.0750
69  52  6.6320
69  53  5.3020
69  54  6.1240
69  55  3.5440
69  56  3.0520
69  57  4.3030
69  58  4.4730
69  59  5.4390
69  60  0.5800
69  61  0.7600
69  62  1.5640
69  63  2.0050
69  64  1.7580
69  65  2.8520
69  66  2.9520
69  67  3.4580
69  68  1.3670
69  69  0.0010
69  70  11.1470
69  71  10.1040
69  72  9.5370
69  73  9.1960
69  74  6.0400
69  75  5.4800
69  76  5.8590
69  77  5.1770
69  78  10.5470
69  79  6.8300
69  80  8.2280
70  1  10.3100
70  2  10.1930
70  3  11.1790
70  4  9.6930
70  5  10.5340
70  6  10.6340
70  7  10.5540
70  8  9.6490
70  9  9.3990
70  10  9.2300
70  11  9.7930
70  12  9.1490
70  13  8.9350
70  14  8.6340
70  15  8.6340
70  16  8.6080
70  17  7.1840
70  18  7.1840
70  19  6.8330
70  20  6.5170
70  21  5.9640
70  22  5.9640
70  23  7.2820
70  24  5.3830
70  25  5.1890
70  26  5.0600
70  27  5.4380
70  28  4.4330
70  29  5.4830
70  30  4.4340
70  31  4.3050
70  32  4.1000
70  33  4.5010
70  34  4.2060
70  35  5.4980
70  36  1.7240
70  37  3.0050
70  38  1.8630
70  39  7.5750
70  40  8.3160
70  41  7.9090
70  42  9.3210
70  43  10.5070
70  44  10.3550
70  45  10.4950
70  46  9.3790
70  47  9.5280
70  48  8.7780
70  49  8.8800
70  50  7.8160
70  51  6.1720
70  52  6.5710
70  53  8.9770
70  54  6.5290
70  55  9.2190
70  56  9.5350
70  57  8.2900
70  58  8.4600
70  59  8.1440
70  60  11.0310
70  61  11.2110
70  62  10.1710
70  63  10.0200
70  64  10.6500
70  65  10.0950
70  66  8.8990
70  67  9.4890
70  68  11.2380
70  69  11.1470
70  70  0.0010
70  71  2.5120
70  72  3.9390
70  73  3.7600
70  74  7.2720
70  75  7.9770
70  76  7.5980
70  77  8.2550
70  78  2.9550
70  79  9.9550
70  80  7.3530
71  1  8.7760
71  2  8.6590
71  3  9.6450
71  4  8.1590
71  5  9.0000
71  6  9.1000
71  7  9.0200
71  8  8.1150
71  9  7.8650
71  10  7.6960
71  11  8.2590
71  12  7.6150
71  13  7.4010
71  14  7.1000
71  15  7.1000
71  16  7.0740
71  17  5.6500
71  18  5.6500
71  19  5.2990
71  20  4.9830
71  21  4.4300
71  22  4.4300
71  23  5.7480
71  24  3.8490
71  25  3.6550
71  26  3.5260
71  27  3.9040
71  28  2.8990
71  29  3.9490
71  30  2.9000
71  31  2.7710
71  32  2.5660
71  33  2.9670
71  34  2.6720
71  35  3.9640
71  36  2.3730
71  37  1.4710
71  38  2.6490
71  39  6.0410
71  40  6.7820
71  41  6.3750
71  42  7.7870
71  43  8.9730
71  44  8.8210
71  45  8.9610
71  46  7.8450
71  47  7.9940
71  48  7.2440
71  49  7.3460
71  50  6.2820
71  51  4.6380
71  52  5.0370
71  53  7.4430
71  54  4.9950
71  55  8.0480
71  56  8.3640
71  57  7.1190
71  58  7.2890
71  59  6.9730
71  60  9.8600
71  61  10.0400
71  62  9.1280
71  63  8.9770
71  64  9.6070
71  65  9.0520
71  66  7.8560
71  67  8.4460
71  68  10.0670
71  69  10.1040
71  70  2.5120
71  71  0.0010
71  72  2.4050
71  73  2.2260
71  74  5.7380
71  75  6.4430
71  76  6.0640
71  77  6.7210
71  78  1.4210
71  79  8.4210
71  80  5.8190
72  1  8.2090
72  2  8.0920
72  3  9.0780
72  4  7.5920
72  5  8.4330
72  6  8.5330
72  7  8.4530
72  8  7.5480
72  9  7.2980
72  10  7.1290
72  11  7.6920
72  12  7.0480
72  13  6.8340
72  14  6.5330
72  15  6.5330
72  16  6.5070
72  17  5.0830
72  18  5.0830
72  19  4.7320
72  20  4.4160
72  21  3.8630
72  22  3.8630
72  23  5.1810
72  24  3.2820
72  25  3.0880
72  26  2.9590
72  27  3.3370
72  28  2.3320
72  29  3.3820
72  30  2.3330
72  31  2.9220
72  32  1.9990
72  33  2.4000
72  34  2.1050
72  35  3.3970
72  36  3.8000
72  37  2.8980
72  38  4.0760
72  39  5.4740
72  40  6.2150
72  41  5.8080
72  42  7.2200
72  43  8.4060
72  44  8.2540
72  45  8.3940
72  46  7.2780
72  47  7.4270
72  48  6.6770
72  49  6.7790
72  50  5.7150
72  51  4.0710
72  52  4.4700
72  53  6.8760
72  54  4.4280
72  55  7.4810
72  56  7.7970
72  57  6.5520
72  58  6.7220
72  59  6.4060
72  60  9.2930
72  61  9.4730
72  62  8.5610
72  63  8.4100
72  64  9.0400
72  65  8.4850
72  66  7.2890
72  67  7.8790
72  68  9.5000
72  69  9.5370
72  70  3.9390
72  71  2.4050
72  72  0.0010
72  73  1.6590
72  74  5.1710
72  75  5.8760
72  76  5.4970
72  77  6.1540
72  78  2.8480
72  79  7.8540
72  80  5.2520
73  1  8.0300
73  2  7.9130
73  3  8.8990
73  4  7.4130
73  5  8.2540
73  6  8.3540
73  7  8.2740
73  8  7.3690
73  9  7.1190
73  10  6.9500
73  11  7.5130
73  12  6.8690
73  13  6.6550
73  14  6.3540
73  15  6.3540
73  16  6.3280
73  17  4.9040
73  18  4.9040
73  19  4.5530
73  20  4.2370
73  21  3.6840
73  22  3.6840
73  23  5.0020
73  24  3.1030
73  25  2.9090
73  26  2.7800
73  27  3.1550
73  28  2.1530
73  29  3.2030
73  30  2.1540
73  31  2.7430
73  32  1.8200
73  33  2.2210
73  34  1.7640
73  35  3.0560
73  36  3.6210
73  37  2.7190
73  38  3.8970
73  39  5.2950
73  40  6.0360
73  41  5.6290
73  42  7.0410
73  43  8.2270
73  44  8.0750
73  45  8.2150
73  46  7.0990
73  47  7.0860
73  48  6.3360
73  49  6.6000
73  50  5.5360
73  51  3.8240
73  52  4.1290
73  53  6.5350
73  54  4.0870
73  55  7.1400
73  56  7.4560
73  57  6.2110
73  58  6.3810
73  59  6.0650
73  60  8.9520
73  61  9.1320
73  62  8.2200
73  63  8.0690
73  64  8.6990
73  65  8.1440
73  66  6.9480
73  67  7.5380
73  68  9.1590
73  69  9.1960
73  70  3.7600
73  71  2.2260
73  72  1.6590
73  73  0.0010
73  74  4.8300
73  75  5.5350
73  76  5.1560
73  77  5.8130
73  78  2.6690
73  79  7.6750
73  80  5.0730
74  1  8.0380
74  2  7.9210
74  3  8.9070
74  4  7.4210
74  5  8.2620
74  6  8.3620
74  7  8.8660
74  8  7.9610
74  9  7.7110
74  10  7.7280
74  11  7.5210
74  12  7.0340
74  13  7.0440
74  14  6.9460
74  15  6.9460
74  16  6.4930
74  17  4.7720
74  18  4.7720
74  19  5.3310
74  20  5.0150
74  21  4.4890
74  22  3.5110
74  23  3.5110
74  24  4.2150
74  25  3.8620
74  26  3.8920
74  27  3.5130
74  28  3.0810
74  29  4.3150
74  30  4.2420
74  31  4.8310
74  32  4.4430
74  33  4.8530
74  34  3.8640
74  35  2.0940
74  36  6.2020
74  37  6.2310
74  38  7.4090
74  39  4.1550
74  40  4.4540
74  41  4.0470
74  42  3.7070
74  43  5.7990
74  44  5.8940
74  45  5.8280
74  46  4.6710
74  47  2.6540
74  48  2.3390
74  49  2.4860
74  50  2.2350
74  51  3.2620
74  52  2.8230
74  53  2.5380
74  54  1.3410
74  55  4.4970
74  56  4.8130
74  57  3.3090
74  58  2.9370
74  59  3.7360
74  60  5.7200
74  61  5.9000
74  62  5.8910
74  63  5.7400
74  64  6.3700
74  65  5.8150
74  66  4.6190
74  67  5.2090
74  68  5.9270
74  69  6.0400
74  70  7.2720
74  71  5.7380
74  72  5.1710
74  73  4.8300
74  74  0.0010
74  75  1.5380
74  76  1.9170
74  77  1.3810
74  78  6.1810
74  79  6.6940
74  80  5.8510
75  1  7.6940
75  2  7.5770
75  3  8.5630
75  4  7.0770
75  5  7.9180
75  6  8.0180
75  7  8.5220
75  8  7.6170
75  9  7.3670
75  10  7.3840
75  11  7.1770
75  12  6.6900
75  13  6.7000
75  14  6.6020
75  15  6.6020
75  16  6.1490
75  17  4.4280
75  18  4.4280
75  19  4.9870
75  20  4.6710
75  21  4.1450
75  22  3.1670
75  23  3.1670
75  24  4.3240
75  25  4.2370
75  26  4.5970
75  27  4.2180
75  28  3.7860
75  29  4.4240
75  30  4.9470
75  31  5.5360
75  32  5.1480
75  33  5.5580
75  34  4.5690
75  35  2.7990
75  36  7.3420
75  37  6.9360
75  38  8.1140
75  39  3.8110
75  40  4.1100
75  41  3.7030
75  42  3.3630
75  43  5.4550
75  44  5.5500
75  45  5.4840
75  46  4.3270
75  47  2.3100
75  48  1.1990
75  49  2.1420
75  50  1.8910
75  51  2.6160
75  52  1.8260
75  53  1.3980
75  54  2.4810
75  55  3.3570
75  56  3.6730
75  57  2.1690
75  58  1.7970
75  59  2.6360
75  60  5.1690
75  61  5.3490
75  62  6.1460
75  63  6.2460
75  64  6.6630
75  65  6.3210
75  66  5.1250
75  67  5.7150
75  68  5.3760
75  69  5.4890
75  70  7.9770
75  71  6.4430
75  72  5.8760
75  73  5.5350
75  74  1.5380
75  75  0.0010
75  76  0.7770
75  77  1.0370
75  78  6.8860
75  79  6.3500
75  80  5.5070
76  1  8.0730
76  2  7.9560
76  3  8.9420
76  4  7.4560
76  5  8.2970
76  6  8.3970
76  7  8.9010
76  8  7.9960
76  9  7.7460
76  10  7.7630
76  11  7.5560
76  12  7.0690
76  13  7.0790
76  14  6.9810
76  15  6.9810
76  16  6.5280
76  17  4.8070
76  18  4.8070
76  19  5.3660
76  20  5.0500
76  21  4.5240
76  22  3.5460
76  23  3.5460
76  24  4.5410
76  25  4.1880
76  26  4.2180
76  27  3.8390
76  28  3.4070
76  29  4.6410
76  30  4.5680
76  31  5.1570
76  32  4.7690
76  33  5.1790
76  34  4.1900
76  35  2.4200
76  36  7.4590
76  37  6.5570
76  38  7.7350
76  39  4.1900
76  40  4.4890
76  41  4.0820
76  42  3.7420
76  43  5.8340
76  44  5.9290
76  45  5.8630
76  46  4.7060
76  47  2.6890
76  48  1.5780
76  49  2.5210
76  50  2.2700
76  51  2.2370
76  52  1.4470
76  53  1.7770
76  54  2.8600
76  55  3.7360
76  56  4.0520
76  57  2.5480
76  58  2.1760
76  59  3.0150
76  60  5.5480
76  61  5.7280
76  62  6.5250
76  63  6.6250
76  64  7.0420
76  65  6.7000
76  66  5.5040
76  67  6.0940
76  68  5.7550
76  69  5.8680
76  70  7.5980
76  71  6.0640
76  72  5.4970
76  73  5.1560
76  74  1.9170
76  75  0.7770
76  76  0.0010
76  77  1.4160
76  78  6.5070
76  79  6.7290
76  80  5.8860
77  1  7.1340
77  2  7.0170
77  3  8.0030
77  4  6.5170
77  5  7.3580
77  6  7.4580
77  7  7.8050
77  8  6.9000
77  9  6.6500
77  10  6.6670
77  11  6.6170
77  12  5.9730
77  13  5.9830
77  14  5.8850
77  15  5.8850
77  16  5.4320
77  17  3.7110
77  18  3.7110
77  19  4.2700
77  20  3.9540
77  21  3.4280
77  22  2.4500
77  23  2.4500
77  24  3.6070
77  25  3.5200
77  26  4.1700
77  27  3.7690
77  28  4.0640
77  29  3.7070
77  30  5.2250
77  31  5.8140
77  32  5.4260
77  33  5.8360
77  34  4.8470
77  35  3.0770
77  36  7.1850
77  37  7.2140
77  38  8.3920
77  39  3.0940
77  40  3.3930
77  41  2.9860
77  42  2.8440
77  43  4.9360
77  44  5.0310
77  45  4.9650
77  46  3.8080
77  47  1.7910
77  48  1.8380
77  49  1.6230
77  50  1.1740
77  51  2.2180
77  52  1.7750
77  53  2.0370
77  54  2.3240
77  55  3.9960
77  56  4.0590
77  57  2.8080
77  58  2.4360
77  59  3.2750
77  60  4.8570
77  61  5.0370
77  62  5.8340
77  63  6.5980
77  64  6.3510
77  65  6.7980
77  66  5.6020
77  67  6.1920
77  68  5.0640
77  69  5.1770
77  70  8.2550
77  71  6.7210
77  72  6.1540
77  73  5.8130
77  74  1.3810
77  75  1.0370
77  76  1.4160
77  77  0.0010
77  78  7.1640
77  79  5.8310
77  80  4.7900
78  1  9.2190
78  2  9.1020
78  3  10.0880
78  4  8.6020
78  5  9.4430
78  6  9.5430
78  7  9.4630
78  8  8.5580
78  9  8.3080
78  10  8.1390
78  11  8.7020
78  12  8.0580
78  13  7.8440
78  14  7.5430
78  15  7.5430
78  16  7.5170
78  17  6.0930
78  18  6.0930
78  19  5.7420
78  20  5.4260
78  21  4.8730
78  22  4.8730
78  23  6.1910
78  24  4.2920
78  25  4.0980
78  26  3.9690
78  27  4.3470
78  28  3.3420
78  29  4.3920
78  30  2.8790
78  31  2.2900
78  32  3.0090
78  33  3.4100
78  34  3.1150
78  35  4.4070
78  36  2.8160
78  37  0.9900
78  38  3.0920
78  39  6.4840
78  40  7.2250
78  41  6.8180
78  42  8.2300
78  43  9.4160
78  44  9.2640
78  45  9.4040
78  46  8.2880
78  47  8.4370
78  48  7.6870
78  49  7.7890
78  50  6.7250
78  51  5.0810
78  52  5.4800
78  53  7.8860
78  54  5.4380
78  55  8.4910
78  56  8.8070
78  57  7.5620
78  58  7.7320
78  59  7.4160
78  60  10.3030
78  61  10.4830
78  62  9.5710
78  63  9.4200
78  64  10.0500
78  65  9.4950
78  66  8.2990
78  67  8.8890
78  68  10.5100
78  69  10.5470
78  70  2.9550
78  71  1.4210
78  72  2.8480
78  73  2.6690
78  74  6.1810
78  75  6.8860
78  76  6.5070
78  77  7.1640
78  78  0.0010
78  79  8.8640
78  80  6.2620
79  1  2.6620
79  2  2.5450
79  3  3.5310
79  4  2.0450
79  5  2.8860
79  6  2.9860
79  7  4.0090
79  8  3.7720
79  9  3.5220
79  10  3.7000
79  11  2.1450
79  12  2.0340
79  13  2.0440
79  14  2.7570
79  15  2.7570
79  16  1.8900
79  17  3.4300
79  18  3.0170
79  19  4.1220
79  20  4.3220
79  21  5.1380
79  22  5.7400
79  23  5.7400
79  24  4.6380
79  25  5.8430
79  26  6.4930
79  27  6.0920
79  28  6.5040
79  29  5.2700
79  30  6.8430
79  31  7.4320
79  32  7.0440
79  33  7.4540
79  34  7.4630
79  35  7.3570
79  36  9.8160
79  37  8.9140
79  38  10.0920
79  39  4.6910
79  40  3.9840
79  41  4.3910
79  42  3.8110
79  43  2.3980
79  44  1.7180
79  45  1.8580
79  46  3.8690
79  47  4.2600
79  48  6.2170
79  49  4.7080
79  50  5.2610
79  51  6.5740
79  52  6.8040
79  53  7.0400
79  54  7.6370
79  55  6.2040
79  56  5.7120
79  57  6.9630
79  58  7.1330
79  59  8.0990
79  60  6.5100
79  61  6.6900
79  62  7.4870
79  63  8.2510
79  64  8.0040
79  65  8.8370
79  66  8.9370
79  67  9.4430
79  68  6.7170
79  69  6.8300
79  70  9.9550
79  71  8.4210
79  72  7.8540
79  73  7.6750
79  74  6.6940
79  75  6.3500
79  76  6.7290
79  77  5.8310
79  78  8.8640
79  79  0.0010
79  80  2.7160
80  1  3.0710
80  2  2.9540
80  3  3.9400
80  4  2.4540
80  5  3.2950
80  6  3.3950
80  7  3.3150
80  8  2.4100
80  9  2.1600
80  10  2.3380
80  11  2.5540
80  12  1.9100
80  13  1.6960
80  14  1.3950
80  15  1.3950
80  16  1.3690
80  17  0.8280
80  18  1.0990
80  19  1.5200
80  20  1.7200
80  21  2.5360
80  22  3.1380
80  23  3.1380
80  24  2.0360
80  25  3.2410
80  26  3.8910
80  27  3.4900
80  28  3.9020
80  29  2.6680
80  30  4.2410
80  31  4.8300
80  32  4.4420
80  33  4.8520
80  34  4.8610
80  35  4.7550
80  36  7.2140
80  37  6.3120
80  38  7.4900
80  39  2.8960
80  40  3.0030
80  41  2.5960
80  42  4.0080
80  43  3.7960
80  44  3.1160
80  45  3.2560
80  46  4.0660
80  47  5.1440
80  48  6.3080
80  49  3.5670
80  50  3.4660
80  51  3.9720
80  52  4.8150
80  53  6.5070
80  54  5.4420
80  55  7.6020
80  56  7.1100
80  57  7.2780
80  58  6.9060
80  59  7.4200
80  60  7.9080
80  61  8.0880
80  62  8.8850
80  63  9.4240
80  64  9.4020
80  65  9.4990
80  66  8.3030
80  67  8.8930
80  68  8.1150
80  69  8.2280
80  70  7.3530
80  71  5.8190
80  72  5.2520
80  73  5.0730
80  74  5.8510
80  75  5.5070
80  76  5.8860
80  77  4.7900
80  78  6.2620
80  79  2.7160
80  80  0.0010
;
